Gene	sgRNA	time|beta	time|z	time|p-value	time|fdr	time|wald-p-value	time|wald-fdr	drug|beta	drug|z	drug|p-value	drug|fdr	drug|wald-p-value	drug|wald-fdr
AAAS	4	0.19113	1.1809	0.1277	0.75581	0.23764	0.78038	-0.27164	-1.6561	0.14538	0.86667	0.097698	0.3739
AAK1	4	-0.07659	-0.52105	0.57171	0.99607	0.60233	0.9436	-0.11693	-0.78578	0.54617	0.99803	0.43199	0.75396
AATF	4	0.12261	0.76877	0.3556	0.95378	0.44203	0.87608	0.27014	1.6725	0.12967	0.86667	0.094431	0.37173
AATK	4	0.06987	0.57618	0.6169	0.99607	0.5645	0.93592	0.020136	0.16401	0.92534	0.99803	0.86972	0.96954
ABCC1	4	0.10224	0.78344	0.44597	0.95378	0.43337	0.87187	-0.088898	-0.67262	0.65422	0.99803	0.50119	0.7972
ABHD14B	4	-0.019584	-0.17982	0.90963	0.99607	0.8573	0.99131	-0.061675	-0.55941	0.74853	0.99803	0.57588	0.83511
ABTB1	4	-0.045237	-0.32473	0.74656	0.99607	0.74539	0.9825	-0.28565	-2.0249	0.1336	0.86667	0.042874	0.24033
ACAD9	4	0.077118	0.60673	0.57367	0.99607	0.54403	0.92013	0.096149	0.74685	0.58939	0.99803	0.45515	0.76647
ACAT2	4	0.033926	0.21129	0.80747	0.99607	0.83266	0.99024	0.24748	1.5211	0.16503	0.91304	0.12823	0.4333
ACD	4	0.07745	0.7474	0.57171	0.99607	0.45482	0.87785	-0.13743	-1.3098	0.44401	0.99803	0.19027	0.54033
ACHE	4	-0.032432	-0.34374	0.82318	0.99607	0.73104	0.9825	0.029166	0.3053	0.89194	0.99803	0.76014	0.94599
ACLY	4	0.017859	0.14076	0.89194	0.99607	0.88806	0.99392	-0.043823	-0.34119	0.81139	0.99803	0.73296	0.93044
ACO2	4	0.07594	0.65138	0.5776	0.99607	0.5148	0.90984	0.077311	0.65478	0.68173	0.99803	0.51261	0.80763
ACP1	4	-0.010761	-0.094736	0.95874	0.99607	0.92452	0.99667	-0.06593	-0.57317	0.73674	0.99803	0.56653	0.82904
ACTL6B	4	-0.053599	-0.4544	0.69548	0.99607	0.64954	0.95918	0.18255	1.5286	0.30059	0.99803	0.12637	0.4333
ACTN1	4	-0.026485	-0.22966	0.86051	0.99607	0.81835	0.98388	0.067362	0.57695	0.73281	0.99803	0.56397	0.82904
ACTR1A	4	-0.045072	-0.45827	0.74853	0.99607	0.64676	0.95918	-0.057932	-0.58177	0.76424	0.99803	0.56072	0.82904
ACTR3	4	0.0035395	0.038017	0.96464	0.99607	0.96967	0.99667	-0.10603	-1.1248	0.60314	0.99803	0.26066	0.61038
ACTR8	4	-0.02105	-0.20238	0.90177	0.99607	0.83962	0.99131	0.093546	0.88838	0.60314	0.99803	0.37434	0.71239
ACTRT3	4	-0.19991	-1.8072	0.17682	0.85714	0.070732	0.65362	-0.01645	-0.14685	0.93713	0.99803	0.88325	0.97449
ADAD1	4	0.035688	0.30463	0.78782	0.99607	0.76065	0.9825	-0.078372	-0.6608	0.68173	0.99803	0.50874	0.80669
ADAM10	4	-0.070639	-0.6282	0.60511	0.99607	0.52987	0.92013	0.13501	1.1853	0.4558	0.99803	0.23591	0.60011
ADAM12	4	-0.041367	-0.46725	0.78585	0.99607	0.64032	0.95918	0.029582	0.32997	0.89194	0.99803	0.74143	0.93877
ADAMTS5	4	-0.093307	-0.84769	0.49509	0.96947	0.39661	0.84797	0.076357	0.68517	0.68369	0.99803	0.49324	0.79472
ADAP1	4	-0.012735	-0.10886	0.95481	0.99607	0.91332	0.99667	0.02227	0.18791	0.92141	0.99803	0.85095	0.96589
ADCK3	4	0.34523	1.863	0.0019646	0.066667	0.06246	0.65362	-0.093195	-0.49632	0.6444	0.99803	0.61967	0.86602
ADCK4	4	0.024301	0.23401	0.85462	0.99607	0.81498	0.98388	-0.26337	-2.5048	0.15324	0.86667	0.012252	0.11562
ADCY1	4	0.18594	1.0496	0.14931	0.82609	0.29388	0.79386	0.26044	1.4518	0.14145	0.86667	0.14657	0.46052
ADH5	4	0.011502	0.13035	0.93124	0.99607	0.89629	0.99392	0.0053918	0.060358	0.98035	0.99803	0.95187	0.97782
ADNP	4	0.069041	0.51285	0.62672	0.99607	0.60806	0.9436	-0.01475	-0.10822	0.94303	0.99803	0.91382	0.97449
ADNP2	4	0.12519	1.2368	0.34774	0.95378	0.21616	0.76127	-0.066126	-0.64512	0.73674	0.99803	0.51885	0.80763
ADPRHL2	4	0.18175	1.4782	0.15717	0.83838	0.13935	0.6985	-0.1288	-1.0343	0.48527	0.99803	0.30101	0.65197
ADRA1A	4	-0.25545	-2.7239	0.10806	0.75581	0.0064524	0.21988	0.2868	3.0207	0.10806	0.78571	0.0025219	0.032914
ADRB1	4	-0.19576	-1.9162	0.18468	0.86207	0.055341	0.65362	0.24106	2.3308	0.17682	0.91919	0.019763	0.16766
ADRB3	4	-0.11612	-0.96313	0.40472	0.95378	0.33548	0.81107	-0.0042897	-0.035135	0.99607	0.99803	0.97197	0.98001
ADRBK1	4	-0.092928	-0.8444	0.49902	0.96947	0.39844	0.84797	0.18535	1.6635	0.2888	0.99803	0.096206	0.37173
ADRBK2	4	0.0009934	0.010148	0.97642	0.99607	0.9919	0.99667	0.058729	0.59262	0.77014	0.99803	0.55344	0.82904
AEBP2	4	0.013717	0.16382	0.92141	0.99607	0.86987	0.99272	-0.16761	-1.9761	0.35363	0.99803	0.048145	0.24563
AEN	4	-0.053425	-0.43421	0.69548	0.99607	0.66414	0.95918	-0.019246	-0.15439	0.91749	0.99803	0.87731	0.97287
AFF1	4	-0.026185	-0.35241	0.86248	0.99607	0.72453	0.9825	-0.027688	-0.36805	0.88016	0.99803	0.71283	0.91969
AFF2	4	0.071604	0.56595	0.59921	0.99607	0.57143	0.9436	0.04423	0.34522	0.83301	0.99803	0.72993	0.93044
AFF3	4	-0.14419	-1.2342	0.31238	0.94118	0.21715	0.76127	0.15474	1.3081	0.40472	0.99803	0.19084	0.54033
AFF4	4	-0.29254	-2.4412	0.062868	0.59259	0.014639	0.43832	0.16922	1.3948	0.34774	0.99803	0.16307	0.49115
AGAP3	4	0.086347	0.62086	0.52259	0.98155	0.53469	0.92013	0.032484	0.23071	0.87426	0.99803	0.81754	0.96103
AGBL5	4	0.075391	0.92176	0.58153	0.99607	0.35665	0.82401	0.016473	0.19893	0.9391	0.99803	0.84231	0.96363
AGPAT3	4	0.18878	1.4985	0.13752	0.77778	0.13401	0.6985	-0.15335	-1.2019	0.38507	0.99803	0.22939	0.58808
AGTPBP1	4	-0.066089	-0.65386	0.63458	0.99607	0.5132	0.90984	0.22629	2.2109	0.20629	0.98131	0.027044	0.18857
AIFM3	4	-0.27445	-2.1519	0.088409	0.7541	0.031404	0.57088	0.20259	1.5689	0.25737	0.99803	0.11666	0.41526
AIP	4	-0.058165	-0.64358	0.67387	0.99607	0.51985	0.91484	0.06622	0.72367	0.74263	0.99803	0.46927	0.78058
AIRE	4	0.029725	0.28234	0.82711	0.99607	0.77768	0.9825	-0.19788	-1.8566	0.26326	0.99803	0.063368	0.28705
AJUBA	4	0.14583	1.0312	0.25933	0.89933	0.30246	0.79386	-0.12776	-0.89147	0.48527	0.99803	0.37268	0.71239
AK1	4	0.19446	1.927	0.12377	0.75581	0.053982	0.65362	0.032352	0.31664	0.87426	0.99803	0.75151	0.94303
AKAP11	4	0.039386	0.31551	0.77603	0.99607	0.75238	0.9825	0.14962	1.1826	0.4224	0.99803	0.23698	0.60011
AKAP6	4	-0.046333	-0.31505	0.74067	0.99607	0.75273	0.9825	0.16242	1.0908	0.38114	0.99803	0.27536	0.62023
AKAP8	4	-0.012527	-0.13157	0.95481	0.99607	0.89533	0.99392	0.17194	1.7834	0.33595	0.99803	0.074516	0.31607
AKIRIN2	4	-0.17576	-1.3902	0.23379	0.88971	0.16446	0.6985	0.21282	1.6626	0.23772	0.99803	0.096401	0.37173
AKR1C3	4	-0.11487	-1.2765	0.40864	0.95378	0.20178	0.75437	0.069358	0.76135	0.72102	0.99803	0.44645	0.76512
AKT2	4	0.080798	0.53307	0.56582	0.99607	0.59398	0.9436	0.056592	0.36866	0.778	0.99803	0.71238	0.91969
ALDH1A2	4	0.11058	1.0483	0.40864	0.95378	0.29452	0.79386	-0.0011666	-0.010921	0.99411	0.99803	0.99129	0.9952
ALDH1B1	4	0.00061718	0.0041674	0.97642	0.99607	0.99667	0.99667	0.32008	2.1339	0.082515	0.67692	0.032853	0.21168
ALDH6A1	4	-0.070474	-0.73752	0.60511	0.99607	0.46081	0.87802	0.067283	0.69548	0.73281	0.99803	0.48676	0.79472
ALDH7A1	4	0.16649	1.3025	0.19646	0.86207	0.19273	0.75437	-0.12853	-0.99321	0.48527	0.99803	0.32061	0.66881
ALG2	4	0.011062	0.10905	0.9332	0.99607	0.91316	0.99667	0.16435	1.5997	0.36346	0.99803	0.10967	0.4016
ALKBH2	4	-0.12261	-1.1065	0.38114	0.95378	0.26851	0.79386	0.14441	1.2873	0.43026	0.99803	0.19799	0.55298
ALKBH5	4	-0.041116	-0.42542	0.78978	0.99607	0.67053	0.95918	-0.022607	-0.23101	0.90373	0.99803	0.81731	0.96103
ALMS1	4	-0.024899	-0.18608	0.88016	0.99607	0.85238	0.99131	0.11558	0.85283	0.52063	0.99803	0.39375	0.72483
ALOX5AP	4	-0.067883	-0.49608	0.62672	0.99607	0.61984	0.95606	0.12045	0.86948	0.50491	0.99803	0.38459	0.71968
ALPK1	4	0.082731	0.80619	0.54617	0.99607	0.42013	0.86213	0.029931	0.288	0.88998	0.99803	0.77335	0.95301
ALX4	4	-0.25351	-2.0675	0.10806	0.75581	0.038685	0.59761	0.084331	0.67931	0.64244	0.99803	0.49694	0.79472
ALYREF	4	0.17368	1.2262	0.17682	0.85714	0.22011	0.76216	0.024918	0.17375	0.90766	0.99803	0.86206	0.96954
AMER1	4	-0.076859	-0.70453	0.57171	0.99607	0.48111	0.89637	-0.021693	-0.19641	0.90766	0.99803	0.84429	0.96363
AMHR2	4	0.00088476	0.010354	0.97642	0.99607	0.99174	0.99667	-0.0067767	-0.078338	0.98625	0.99803	0.93756	0.97449
AMOT	4	0.1018	0.96154	0.44597	0.95378	0.33628	0.81107	0.029402	0.27429	0.89194	0.99803	0.78387	0.95301
ANAPC2	4	-0.20141	-1.6485	0.17092	0.85714	0.09924	0.6985	0.18421	1.4894	0.29273	0.99803	0.13639	0.44503
ANAPC5	4	-0.1582	-1.4499	0.27112	0.90123	0.14708	0.6985	0.01302	0.11784	0.95088	0.99803	0.90619	0.97449
ANAPC7	4	0.22703	1.4934	0.056974	0.56604	0.13532	0.6985	-0.16651	-1.0815	0.35756	0.99803	0.27946	0.62402
ANKHD1	4	0.14509	1.4333	0.2613	0.89933	0.15178	0.6985	-0.17154	-1.6735	0.33988	0.99803	0.094237	0.37173
ANKK1	4	0.10591	0.90399	0.43222	0.95378	0.366	0.8266	0.033425	0.28176	0.8664	0.99803	0.77813	0.95301
ANKLE2	4	0.18952	1.3805	0.1336	0.77273	0.16742	0.6985	0.11289	0.81211	0.53438	0.99803	0.41673	0.74166
ANKRD30A	4	-0.15275	-1.5356	0.28487	0.90123	0.12463	0.6985	0.1975	1.961	0.27112	0.99803	0.049875	0.24889
ANKRD32	4	-0.02989	-0.32498	0.8389	0.99607	0.7452	0.9825	-0.15167	-1.6287	0.39293	0.99803	0.10339	0.38412
ANKRD42	4	-0.2473	-1.7168	0.11198	0.75581	0.08601	0.69199	-0.072261	-0.49522	0.70727	0.99803	0.62045	0.86602
ANKS1A	4	0.025451	0.17939	0.84479	0.99607	0.85763	0.99131	0.26638	1.8533	0.13556	0.86667	0.063834	0.28705
ANLN	4	-0.034754	-0.23834	0.81532	0.99607	0.81162	0.98388	0.21026	1.4232	0.24558	0.99803	0.15467	0.47426
ANO2	4	0.038464	0.30532	0.778	0.99607	0.76013	0.9825	-0.14185	-1.1119	0.42436	0.99803	0.26618	0.61305
ANP32A	4	0.071337	0.60702	0.60707	0.99607	0.54384	0.92013	0.0081926	0.068853	0.9666	0.99803	0.94511	0.97449
ANP32E	4	0.0101	0.089977	0.93517	0.99607	0.92831	0.99667	-0.13887	-1.2219	0.43811	0.99803	0.22174	0.58358
ANXA1	4	0.19433	1.3807	0.12377	0.75581	0.16736	0.6985	0.020059	0.14067	0.92534	0.99803	0.88813	0.97449
ANXA11	4	-0.040867	-0.30664	0.79175	0.99607	0.75912	0.9825	0.1644	1.2184	0.36346	0.99803	0.22309	0.58358
AP1AR	4	-0.0056671	-0.051635	0.99607	0.99607	0.95882	0.99667	0.11551	1.0395	0.52063	0.99803	0.29858	0.64947
AP5Z1	4	-0.11166	-1.145	0.42436	0.95378	0.25221	0.78432	0.05234	0.52995	0.79371	0.99803	0.59615	0.85301
APC	4	-0.11704	-1.0346	0.40472	0.95378	0.30086	0.79386	-0.15931	-1.3909	0.38114	0.99803	0.16426	0.49183
APEX1	4	0.19193	1.41	0.1277	0.75581	0.15853	0.6985	-0.10727	-0.77818	0.59528	0.99803	0.43647	0.75565
APEX2	4	0.092863	0.78726	0.49116	0.96947	0.43113	0.87187	0.17218	1.4413	0.33595	0.99803	0.1495	0.46684
APOA1	4	0.10211	0.77924	0.44597	0.95378	0.43584	0.87339	-0.12302	-0.92728	0.51277	0.99803	0.35378	0.70256
APOBEC3A	4	-0.026877	-0.23802	0.85855	0.99607	0.81186	0.98388	0.10463	0.91529	0.55992	0.99803	0.36004	0.70485
APOBEC3B	4	0.13999	1.1598	0.27505	0.90123	0.24612	0.78218	0.071404	0.58407	0.71709	0.99803	0.55917	0.82904
APOBEC3C	4	0.086754	0.80339	0.52063	0.98155	0.42175	0.86213	-0.12584	-1.151	0.49705	0.99803	0.24971	0.60903
APOBEC3H	4	-0.21579	-1.8299	0.14735	0.82418	0.067263	0.65362	-0.15571	-1.3043	0.38507	0.99803	0.19214	0.54033
APPBP2	4	0.10579	0.84193	0.43418	0.95378	0.39983	0.84797	0.060086	0.47225	0.76424	0.99803	0.63675	0.87503
APPL1	4	0.17944	1.6285	0.16306	0.83838	0.10341	0.6985	-0.12357	-1.1073	0.51081	0.99803	0.26817	0.61434
AR	4	0.15452	1.5409	0.23183	0.88971	0.12334	0.6985	-0.038684	-0.38104	0.84086	0.99803	0.70317	0.91969
ARGFX	4	0.26968	1.6229	0.019646	0.34483	0.1046	0.6985	-0.15483	-0.92016	0.38507	0.99803	0.35749	0.70256
ARHGAP22	4	-0.22092	-1.892	0.1336	0.77273	0.058491	0.65362	0.21121	1.7862	0.23969	0.99803	0.074065	0.31607
ARHGEF10	4	-0.16865	-1.5684	0.24951	0.89933	0.11678	0.6985	0.051356	0.47175	0.79961	0.99803	0.6371	0.87503
ARID2	4	0.043851	0.56085	0.74853	0.99607	0.5749	0.9436	-0.085619	-1.0814	0.66601	0.99803	0.27952	0.62402
ARID3A	4	-0.163	-1.4606	0.26326	0.89933	0.14413	0.6985	-0.040751	-0.36066	0.82711	0.99803	0.71836	0.92334
ARID3B	4	0.10479	0.81629	0.43615	0.95378	0.41433	0.86164	0.21672	1.6673	0.2279	0.99803	0.095448	0.37173
ARID4A	4	-0.010346	-0.097629	0.96267	0.99607	0.92223	0.99667	0.21569	2.0097	0.23183	0.99803	0.04446	0.24033
ARID4B	4	0.16057	1.592	0.21415	0.88618	0.11139	0.6985	-0.18434	-1.8051	0.30648	0.99803	0.07106	0.30914
ARID5A	4	-0.025917	-0.15488	0.8664	0.99607	0.87692	0.99272	0.054423	0.32117	0.78978	0.99803	0.74808	0.94251
ARID5B	4	0.16263	1.3978	0.20236	0.86555	0.16217	0.6985	-0.23359	-1.9824	0.20236	0.98095	0.047431	0.24563
ARL2	4	0.063889	0.68694	0.64244	0.99607	0.49212	0.90104	-0.014299	-0.15173	0.95285	0.99803	0.8794	0.97307
ARL4D	4	0.35098	2.1615	0	0	0.030658	0.57088	-0.20832	-1.267	0.24361	0.99803	0.20515	0.55918
ARNTL2	4	-0.084451	-0.7407	0.53438	0.9927	0.45888	0.87802	-0.12969	-1.1235	0.4833	0.99803	0.26122	0.61038
ARRB2	4	-0.052907	-0.54222	0.69745	0.99607	0.58767	0.9436	0.11366	1.1502	0.53045	0.99803	0.25007	0.60903
ARX	4	0.0073293	0.080348	0.94892	0.99607	0.93596	0.99667	0.020067	0.21729	0.92534	0.99803	0.82798	0.96363
ASCC1	4	-0.16447	-1.3954	0.26326	0.89933	0.1629	0.6985	0.023464	0.19662	0.91749	0.99803	0.84412	0.96363
ASCL1	4	-0.253	-2.1862	0.10806	0.75581	0.028799	0.5638	0.17516	1.4949	0.32613	0.99803	0.13494	0.44312
ASCL2	4	0.041486	0.33865	0.76817	0.99607	0.73487	0.9825	0.11085	0.89348	0.5442	0.99803	0.3716	0.71239
ASH2L	4	0.15093	0.91438	0.24165	0.89781	0.36052	0.82401	0.18771	1.123	0.28094	0.99803	0.26142	0.61038
ASNA1	4	0.0053678	0.049435	0.95678	0.99607	0.96057	0.99667	-0.034711	-0.31574	0.86248	0.99803	0.7522	0.94303
ASPA	4	-0.027514	-0.19552	0.85265	0.99607	0.84499	0.99131	0.13477	0.9454	0.4558	0.99803	0.34445	0.69851
ASPM	4	-0.06232	-0.45108	0.66208	0.99607	0.65193	0.95918	0.24202	1.7301	0.17682	0.91919	0.083611	0.34321
ASRGL1	4	-0.044005	-0.42259	0.75442	0.99607	0.67259	0.95918	0.13878	1.3161	0.44597	0.99803	0.18816	0.54033
ASUN	4	-0.19622	-1.5677	0.18271	0.86207	0.11696	0.6985	0.14378	1.1347	0.43026	0.99803	0.25651	0.6101
ASZ1	4	0.09612	0.74374	0.46562	0.96813	0.45703	0.87785	0.1458	1.1141	0.42829	0.99803	0.26522	0.61305
ATF5	4	0.14582	1.3381	0.25933	0.89933	0.18088	0.73068	-0.082117	-0.7436	0.66798	0.99803	0.45712	0.76647
ATF7	4	-0.20659	-1.5987	0.1611	0.83838	0.10988	0.6985	0.38831	2.968	0.043222	0.43137	0.0029975	0.035632
ATF7IP	4	-0.041522	-0.31985	0.78193	0.99607	0.74908	0.9825	0.1469	1.1177	0.4224	0.99803	0.26369	0.61288
ATF7IP2	4	0.038084	0.27306	0.77996	0.99607	0.78481	0.9825	0.16149	1.1435	0.38114	0.99803	0.25282	0.60989
ATM	4	0.23292	1.4077	0.051081	0.56604	0.15921	0.6985	-1.0346	-6.1744	0	0	6.6427e-10	2.2541e-08
ATP1A3	4	0.14733	1.0789	0.25344	0.89933	0.28065	0.79386	0.0023134	0.016728	0.98821	0.99803	0.98665	0.9925
ATP1B4	4	0.040274	0.43695	0.7721	0.99607	0.66215	0.95918	0.077931	0.83505	0.6778	0.99803	0.40369	0.7289
ATP2A3	4	0.071813	0.66267	0.59921	0.99607	0.50754	0.90717	-0.010951	-0.099786	0.97053	0.99803	0.92051	0.97449
ATP6V0A1	4	-0.086592	-0.64146	0.52652	0.98168	0.52122	0.91484	0.30292	2.2162	0.088409	0.68182	0.026676	0.18857
ATR	4	0.32795	1.8862	0.0039293	0.11765	0.059272	0.65362	-1.0292	-5.8399	0	0	5.2245e-09	1.4592e-07
ATRAID	4	0.0021417	0.018424	0.97446	0.99607	0.9853	0.99667	-0.099631	-0.84644	0.62083	0.99803	0.3973	0.72483
ATRIP	4	0.055876	0.30865	0.6778	0.99607	0.75759	0.9825	-1.1968	-6.5302	0	0	6.5668e-11	3.3425e-09
ATRX	4	-0.0098394	-0.099266	0.9725	0.99607	0.92093	0.99667	-0.18308	-1.8245	0.31041	0.99803	0.068084	0.29946
ATXN1L	4	0.27892	1.808	0.015717	0.30769	0.070614	0.65362	-0.12713	-0.81384	0.48919	0.99803	0.41574	0.74166
ATXN2	4	0.29726	1.5066	0.0098232	0.26316	0.13192	0.6985	-0.032582	-0.16304	0.8664	0.99803	0.87049	0.96954
ATXN7	4	0.069063	0.72589	0.62672	0.99607	0.46791	0.88209	-0.017365	-0.18027	0.92731	0.99803	0.85694	0.96715
AUNIP	4	0.050207	0.43761	0.71709	0.99607	0.66167	0.95918	0.067434	0.58044	0.73281	0.99803	0.56162	0.82904
AURKA	4	-0.016467	-0.16964	0.92731	0.99607	0.8653	0.99197	0.019297	0.19632	0.92731	0.99803	0.84436	0.96363
AURKC	4	-0.054418	-0.59737	0.69155	0.99607	0.55026	0.92437	0.024346	0.26394	0.91552	0.99803	0.79183	0.95301
AVPI1	4	-0.14342	-1.0097	0.31434	0.94118	0.31263	0.79964	0.010161	0.070662	0.95874	0.99803	0.94367	0.97449
AXIN2	4	-0.023564	-0.15677	0.88605	0.99607	0.87543	0.99272	0.28277	1.8579	0.11002	0.78873	0.063176	0.28705
AXL	4	0.27457	2.3036	0.015717	0.30769	0.021247	0.48687	-0.11877	-0.98407	0.54028	0.99803	0.32508	0.67092
AZI1	4	-0.019019	-0.15477	0.91356	0.99607	0.877	0.99272	0.25494	2.0486	0.14931	0.86667	0.040504	0.23428
B9D2	4	-0.073732	-0.87933	0.58546	0.99607	0.37922	0.83924	0.019616	0.23107	0.92534	0.99803	0.81726	0.96103
BABAM1	4	-0.017738	-0.20044	0.91945	0.99607	0.84114	0.99131	-0.010757	-0.12005	0.97053	0.99803	0.90444	0.97449
BACH1	4	-0.044993	-0.40152	0.74853	0.99607	0.68804	0.96212	0.2573	2.2676	0.14735	0.86667	0.023352	0.1748
BACH2	4	-0.098301	-1.1594	0.47741	0.96813	0.24631	0.78218	-0.050869	-0.59157	0.77996	0.99803	0.55414	0.82904
BAIAP2	4	0.019123	0.22882	0.88212	0.99607	0.81901	0.98388	0.14875	1.7574	0.4224	0.99803	0.078844	0.33167
BAIAP2L1	4	0.022555	0.19078	0.8664	0.99607	0.8487	0.99131	0.10857	0.90706	0.54813	0.99803	0.36438	0.7106
BARD1	4	0.15541	0.84722	0.22986	0.88971	0.39687	0.84797	-1.1571	-6.2289	0	0	4.6967e-10	1.7076e-08
BARHL1	4	-0.025753	-0.32866	0.87033	0.99607	0.74241	0.9825	-0.035947	-0.45309	0.85069	0.99803	0.65049	0.88589
BARHL2	4	0.11868	1.0127	0.36739	0.95378	0.31119	0.79964	-0.090523	-0.7628	0.65029	0.99803	0.44558	0.76512
BARX2	4	0.069067	0.69186	0.62672	0.99607	0.48903	0.90104	-0.11483	-1.136	0.55992	0.99803	0.25594	0.6101
BASP1	4	-0.15386	-1.4436	0.28291	0.90123	0.14884	0.6985	0.096601	0.89525	0.58939	0.99803	0.37065	0.71239
BATF	4	0.006156	0.039562	0.95481	0.99607	0.96844	0.99667	0.32445	2.0589	0.082515	0.67692	0.039506	0.2314
BATF2	4	0.094941	1.0732	0.47151	0.96813	0.28319	0.79386	-0.17969	-2.0063	0.3222	0.99803	0.044828	0.24033
BATF3	4	-0.2194	-1.5724	0.13752	0.77778	0.11586	0.6985	0.018137	0.1284	0.9332	0.99803	0.89783	0.97449
BAX	4	0.16517	1.1307	0.19646	0.86207	0.2582	0.78697	-0.054281	-0.36688	0.77407	0.99803	0.7137	0.91969
BAZ1A	4	-0.0016274	-0.016222	0.98625	0.99607	0.98706	0.99667	0.085649	0.8432	0.63851	0.99803	0.39912	0.72553
BBX	4	0.11028	0.81891	0.41061	0.95378	0.41284	0.86164	0.21619	1.5853	0.22986	0.99803	0.1129	0.40757
BCAS2	4	0.22511	1.4334	0.058939	0.56604	0.15175	0.6985	0.03587	0.22553	0.85855	0.99803	0.82157	0.96173
BCAS3	4	0.027615	0.21453	0.83694	0.99607	0.83014	0.98955	0.0057211	0.043902	0.97839	0.99803	0.96498	0.98001
BCCIP	4	-0.17295	-1.3576	0.23772	0.88971	0.17458	0.72245	0.068455	0.53083	0.72102	0.99803	0.59554	0.85301
BCHE	4	0.15329	0.98862	0.23379	0.88971	0.32285	0.80554	-0.038786	-0.24705	0.84086	0.99803	0.80487	0.95943
BCKDK	4	-0.2135	-1.2868	0.15324	0.83838	0.19815	0.75437	0.32745	1.9483	0.082515	0.67692	0.051374	0.25388
BCL10	4	-0.11957	-1.1048	0.39489	0.95378	0.26923	0.79386	0.41509	3.7876	0.039293	0.40816	0.00015209	0.0024191
BCL11A	4	0.24728	1.6664	0.035363	0.48649	0.095626	0.6985	-0.088057	-0.58604	0.65619	0.99803	0.55785	0.82904
BCL2	4	-0.11855	-1.2556	0.39686	0.95378	0.20925	0.76127	0.012155	0.12711	0.95088	0.99803	0.89885	0.97449
BCL2L10	4	-0.055613	-0.49825	0.68566	0.99607	0.61831	0.95606	0.044233	0.3911	0.83301	0.99803	0.69573	0.91505
BCL6	4	0.10331	0.98142	0.44204	0.95378	0.32639	0.80666	-0.24356	-2.2847	0.17878	0.91919	0.022329	0.17323
BCL9L	4	0.1297	0.92614	0.33006	0.95378	0.35438	0.82364	0.057946	0.40857	0.7721	0.99803	0.68286	0.90279
BCLAF1	4	-0.18052	-1.311	0.222	0.88971	0.18986	0.75437	0.041609	0.29831	0.84283	0.99803	0.76546	0.95029
BCORL1	4	0.0088095	0.06953	0.9391	0.99607	0.94457	0.99667	0.025744	0.20063	0.9057	0.99803	0.84099	0.96363
BDH1	4	0.10499	0.85145	0.43615	0.95378	0.39452	0.84797	0.098024	0.78487	0.5835	0.99803	0.43253	0.75396
BDP1	4	0.021611	0.18484	0.87426	0.99607	0.85335	0.99131	-0.2267	-1.9148	0.21218	0.98182	0.055516	0.27171
BEX1	4	0.12687	1.394	0.33988	0.95378	0.16333	0.6985	-0.18201	-1.9751	0.31238	0.99803	0.048257	0.24563
BEX2	4	0.062789	0.53697	0.64833	0.99607	0.59129	0.9436	-0.093122	-0.78645	0.6444	0.99803	0.43161	0.75396
BHLHE40	4	0.28837	2.35	0.011788	0.28571	0.018772	0.47174	-0.096974	-0.77989	0.63458	0.99803	0.43545	0.75565
BHLHE41	4	-0.22555	-2.2904	0.12181	0.75581	0.022	0.48687	0.15266	1.531	0.40864	0.99803	0.12577	0.4333
BIN1	4	-0.041392	-0.28347	0.78389	0.99607	0.77682	0.9825	0.3134	2.1189	0.084479	0.67692	0.034102	0.21697
BIN3	4	0.036217	0.33706	0.78782	0.99607	0.73607	0.9825	-0.1019	-0.93677	0.61297	0.99803	0.34888	0.70229
BIRC2	4	-0.024557	-0.19821	0.88212	0.99607	0.84288	0.99131	-0.033101	-0.26388	0.86444	0.99803	0.79187	0.95301
BIRC3	4	0.0074075	0.087543	0.94695	0.99607	0.93024	0.99667	-0.29081	-3.3941	0.1277	0.86667	0.00068864	0.0094734
BIVM	4	0.073285	0.67484	0.59136	0.99607	0.49978	0.9053	-0.12587	-1.1446	0.49705	0.99803	0.25238	0.60989
BLK	4	-0.00538	-0.056474	0.99607	0.99607	0.95496	0.99667	-0.12603	-1.3062	0.49705	0.99803	0.19147	0.54033
BLM	4	0.065956	0.36353	0.63458	0.99607	0.71621	0.9825	-1.0087	-5.4912	0	0	3.9918e-08	8.1365e-07
BLVRB	4	0.1133	1.1867	0.39686	0.95378	0.23535	0.78038	-0.094731	-0.97993	0.64047	0.99803	0.32712	0.67139
BLZF1	4	0.13943	1.6807	0.27505	0.90123	0.092815	0.69692	-0.19838	-2.362	0.26326	0.99803	0.018179	0.15683
BMPR1A	4	-0.13771	-1.0794	0.33792	0.95378	0.28041	0.79386	0.29863	2.3117	0.092338	0.69118	0.020793	0.17254
BNC1	4	0.049728	0.42475	0.71906	0.99607	0.67102	0.95918	0.20002	1.6873	0.26719	0.99803	0.091546	0.36691
BNIP1	4	-0.057465	-0.43453	0.6778	0.99607	0.6639	0.95918	-0.0094312	-0.070425	0.98035	0.99803	0.94386	0.97449
BNIP2	4	-0.003007	-0.026801	0.99214	0.99607	0.97862	0.99667	-0.050134	-0.44138	0.77996	0.99803	0.65894	0.88931
BOK	4	-0.0070902	-0.07956	0.98821	0.99607	0.93659	0.99667	0.18068	2.0018	0.31238	0.99803	0.04531	0.24033
BOP1	4	0.14978	1.1665	0.24754	0.89933	0.24343	0.78218	0.023765	0.18275	0.91552	0.99803	0.85499	0.96709
BORA	4	-0.075487	-0.74486	0.57957	0.99607	0.45636	0.87785	-0.0079352	-0.077326	0.98625	0.99803	0.93836	0.97449
BRAP	4	-0.067034	-0.59147	0.63065	0.99607	0.5542	0.92792	0.13249	1.1547	0.45972	0.99803	0.24821	0.60903
BRCA1	4	0.027802	0.14625	0.83694	0.99607	0.88372	0.99303	-1.1275	-5.8409	0	0	5.1904e-09	1.4592e-07
BRCA2	4	-0.042951	-0.21971	0.76031	0.99607	0.82609	0.98705	-1.3783	-6.9586	0	0	3.4356e-12	2.9145e-10
BRCC3	4	0.068702	0.51993	0.62868	0.99607	0.60311	0.9436	0.027907	0.20862	0.89391	0.99803	0.83474	0.96363
BRD1	4	0.051763	0.46174	0.70727	0.99607	0.64426	0.95918	-0.14584	-1.2849	0.40668	0.99803	0.19881	0.55298
BRD4	4	-0.00068556	-0.006071	0.98232	0.99607	0.99516	0.99667	0.21479	1.8777	0.23772	0.99803	0.060416	0.28474
BRD7	4	-0.012774	-0.13935	0.95481	0.99607	0.88917	0.99392	-0.0065978	-0.071054	0.98625	0.99803	0.94336	0.97449
BRD8	4	0.040866	0.36531	0.76817	0.99607	0.71488	0.9825	0.1982	1.7497	0.26916	0.99803	0.080176	0.3345
BRDT	4	-0.03213	-0.32299	0.82515	0.99607	0.7467	0.9825	0.10015	0.9945	0.5776	0.99803	0.31998	0.66881
BRF1	4	0.040246	0.45251	0.77407	0.99607	0.6509	0.95918	-0.28457	-3.1602	0.1336	0.86667	0.0015769	0.021122
BRF2	4	-0.12119	-1.0602	0.39096	0.95378	0.28906	0.79386	-0.014831	-0.12815	0.94106	0.99803	0.89803	0.97449
BRIP1	4	0.026999	0.17713	0.8389	0.99607	0.8594	0.99131	-1.0459	-6.778	0	0	1.2188e-11	7.7546e-10
BRIX1	4	0.059288	0.46732	0.66405	0.99607	0.64027	0.95918	0.0075976	0.059138	0.96857	0.99803	0.95284	0.97782
BRMS1L	4	-0.10189	-1.3453	0.45972	0.96813	0.17853	0.73068	0.077262	1.0076	0.68173	0.99803	0.31366	0.66522
BRPF3	4	-0.14589	-1.053	0.30255	0.93333	0.29236	0.79386	0.17072	1.2171	0.34381	0.99803	0.22357	0.58358
BRSK1	4	0.035841	0.24459	0.78782	0.99607	0.80677	0.98388	0.15994	1.0781	0.38703	0.99803	0.28099	0.62455
BRWD1	4	0.072705	0.85845	0.59332	0.99607	0.39064	0.84797	-0.09906	-1.1553	0.62475	0.99803	0.24797	0.60903
BSPRY	4	-0.046287	-0.41393	0.74263	0.99607	0.67893	0.95993	-0.07782	-0.68712	0.68762	0.99803	0.49201	0.79472
BTBD8	4	-0.14925	-1.5432	0.29666	0.92073	0.12277	0.6985	0.050735	0.5182	0.80157	0.99803	0.60432	0.85682
BTD	4	0.2287	1.7114	0.056974	0.56604	0.087008	0.69199	-0.40149	-2.9661	0.02554	0.27083	0.0030156	0.035632
BTK	4	0.26336	1.8634	0.02554	0.41935	0.062407	0.65362	-0.016112	-0.11256	0.93713	0.99803	0.91038	0.97449
BUD31	4	-0.11948	-1.3413	0.39489	0.95378	0.17982	0.73068	0.25783	2.8583	0.14735	0.86667	0.0042591	0.046125
BYSL	4	0.20242	1.4186	0.10413	0.75581	0.15601	0.6985	0.014055	0.097198	0.94892	0.99803	0.92257	0.97449
C10orf107	4	-0.080725	-0.8309	0.54813	0.99607	0.40603	0.85755	-0.040895	-0.41568	0.82711	0.99803	0.67765	0.89823
C10orf11	4	0.089224	0.88055	0.50491	0.97348	0.37856	0.83924	-0.16432	-1.6016	0.36739	0.99803	0.10925	0.4016
C10orf12	4	-0.25025	-2.7225	0.11198	0.75581	0.0064796	0.21988	0.1052	1.1303	0.55992	0.99803	0.25834	0.61038
C10orf128	4	0.2111	1.7385	0.090373	0.7541	0.082122	0.68123	-0.2687	-2.1839	0.14538	0.86667	0.028971	0.1967
C10orf137	4	-0.1816	-1.2825	0.22004	0.88971	0.19967	0.75437	0.17487	1.2194	0.32613	0.99803	0.2227	0.58358
C10orf32	4	0.16674	1.0764	0.19646	0.86207	0.28174	0.79386	0.13919	0.88698	0.44597	0.99803	0.37509	0.71239
C10orf67	4	0.28523	1.8502	0.013752	0.29167	0.064279	0.65362	-0.22747	-1.4572	0.21022	0.98165	0.14506	0.45861
C11orf21	4	0.00092722	0.0090025	0.97642	0.99607	0.99282	0.99667	0.10646	1.0209	0.55992	0.99803	0.30728	0.66041
C11orf35	4	0.24845	2.1926	0.035363	0.48649	0.028333	0.5638	-0.26279	-2.2895	0.15324	0.86667	0.022051	0.17323
C11orf42	4	0.15604	1.0593	0.2279	0.88971	0.28945	0.79386	-0.034949	-0.2342	0.85855	0.99803	0.81483	0.96103
C11orf48	4	0.0027825	0.028534	0.97053	0.99607	0.97724	0.99667	0.051859	0.52529	0.79961	0.99803	0.59938	0.85458
C11orf52	4	0.20517	1.5203	0.098232	0.75581	0.12844	0.6985	-0.070954	-0.51928	0.71316	0.99803	0.60357	0.85682
C11orf57	4	0.027495	0.29133	0.83694	0.99607	0.7708	0.9825	-0.085291	-0.89252	0.66601	0.99803	0.37211	0.71239
C11orf65	4	-0.083177	-0.51487	0.53831	0.99607	0.60664	0.9436	0.34319	2.0963	0.068762	0.67308	0.036052	0.22034
C11orf71	4	0.22955	1.7337	0.05501	0.56604	0.082979	0.68123	0.018007	0.13427	0.9332	0.99803	0.89319	0.97449
C11orf80	4	0.11492	1.2309	0.39096	0.95378	0.21836	0.76127	-0.10425	-1.1022	0.60904	0.99803	0.27036	0.61434
C11orf85	4	0.26991	1.7916	0.019646	0.34483	0.073195	0.65362	-0.18599	-1.2192	0.30059	0.99803	0.22277	0.58358
C11orf88	4	-0.1009	-0.8229	0.46758	0.96813	0.41057	0.86164	0.25055	2.0179	0.15717	0.87912	0.043599	0.24033
C11orf95	4	-0.052927	-0.53971	0.69745	0.99607	0.58939	0.9436	0.059459	0.59873	0.76817	0.99803	0.54935	0.82904
C11orf96	4	-0.029937	-0.28783	0.8389	0.99607	0.77348	0.9825	0.027624	0.26228	0.89391	0.99803	0.79311	0.95301
C12orf43	4	-0.098287	-1.0141	0.47741	0.96813	0.31052	0.79964	0.023262	0.23695	0.91749	0.99803	0.8127	0.96103
C12orf54	4	-0.048709	-0.41962	0.73084	0.99607	0.67477	0.95937	0.0061344	0.052191	0.97642	0.99803	0.95838	0.98001
C12orf57	4	0.031302	0.24686	0.81729	0.99607	0.80502	0.98388	0.10312	0.80292	0.56582	0.99803	0.42202	0.74847
C12orf60	4	0.013522	0.10208	0.92338	0.99607	0.9187	0.99667	0.091014	0.67859	0.611	0.99803	0.4974	0.79472
C12orf75	4	-0.052685	-0.5539	0.69941	0.99607	0.57965	0.9436	-0.081816	-0.84947	0.66798	0.99803	0.39562	0.72483
C12orf76	4	0.047534	0.54643	0.72692	0.99607	0.58477	0.9436	-0.11661	-1.3242	0.5501	0.99803	0.18544	0.54033
C13orf45	4	-0.052128	-0.4386	0.7053	0.99607	0.66095	0.95918	0.018649	0.15493	0.92927	0.99803	0.87687	0.97287
C14orf1	4	0.10284	1.0783	0.44401	0.95378	0.28088	0.79386	0.045466	0.47078	0.82515	0.99803	0.63779	0.87503
C14orf132	4	0.16116	1.1713	0.21218	0.88618	0.24149	0.78218	0.0063699	0.04571	0.97642	0.99803	0.96354	0.98001
C14orf166B	4	0.16677	1.0312	0.19646	0.86207	0.30247	0.79386	-0.1636	-0.99892	0.36935	0.99803	0.31783	0.66881
C14orf169	4	0.092988	0.94962	0.49116	0.96947	0.34231	0.81418	-0.101	-1.0189	0.6169	0.99803	0.30824	0.66041
C14orf180	4	-0.033814	-0.27959	0.81925	0.99607	0.77979	0.9825	0.14703	1.2006	0.4224	0.99803	0.22992	0.58808
C14orf80	4	-0.28293	-2.4	0.072692	0.64912	0.016395	0.4636	0.3213	2.6923	0.082515	0.67692	0.0070969	0.075256
C15orf38	4	-0.11848	-1.047	0.39686	0.95378	0.2951	0.79386	0.28885	2.5212	0.10216	0.75362	0.011697	0.11562
C15orf40	4	0.10317	1.0243	0.44204	0.95378	0.30569	0.79386	0.037716	0.36979	0.85069	0.99803	0.71154	0.91969
C15orf43	4	0.042347	0.60443	0.75835	0.99607	0.54556	0.92013	-0.042303	-0.59645	0.82122	0.99803	0.55087	0.82904
C15orf56	4	-0.027949	-0.29413	0.84676	0.99607	0.76866	0.9825	0.055056	0.57219	0.78782	0.99803	0.56719	0.82904
C15orf60	4	0.13704	0.97306	0.28684	0.90123	0.33053	0.80883	0.048647	0.34111	0.81336	0.99803	0.73302	0.93044
C16orf52	4	0.10345	0.93753	0.44204	0.95378	0.34849	0.81742	0.034215	0.30627	0.86444	0.99803	0.7594	0.94599
C16orf55	4	0.22453	1.6051	0.058939	0.56604	0.10847	0.6985	-0.023993	-0.16933	0.89784	0.99803	0.86554	0.96954
C16orf58	4	0.028579	0.25766	0.83694	0.99607	0.79667	0.98388	-0.33365	-2.9707	0.084479	0.67692	0.0029711	0.035632
C16orf59	4	-0.032597	-0.27201	0.82318	0.99607	0.78561	0.9825	-0.062129	-0.51196	0.7446	0.99803	0.60868	0.8606
C16orf71	4	-0.22522	-2.05	0.12181	0.75581	0.040364	0.59952	0.15886	1.4282	0.389	0.99803	0.15322	0.47267
C16orf86	4	-0.15551	-1.2541	0.27701	0.90123	0.20981	0.76127	0.094508	0.75275	0.59921	0.99803	0.4516	0.76647
C16orf93	4	-0.11987	-0.99816	0.39489	0.95378	0.3182	0.80386	-0.22517	-1.8502	0.21415	0.98198	0.064291	0.28705
C16orf96	4	-0.024189	-0.16063	0.88212	0.99607	0.87239	0.99272	0.27391	1.7961	0.1277	0.86667	0.072483	0.31266
C16orf97	4	-0.055415	-0.58105	0.68762	0.99607	0.56121	0.93351	0.12824	1.3282	0.4833	0.99803	0.18411	0.54033
C17orf104	4	0.030501	0.23608	0.82318	0.99607	0.81337	0.98388	-0.08325	-0.63634	0.66601	0.99803	0.52456	0.80909
C17orf107	4	-0.22897	-2.2103	0.12181	0.75581	0.027084	0.5638	0.1265	1.2063	0.48723	0.99803	0.2277	0.58808
C17orf49	4	0.24085	1.4688	0.041257	0.5122	0.14189	0.6985	0.038597	0.23244	0.84479	0.99803	0.8162	0.96103
C17orf62	4	-0.029489	-0.22561	0.84086	0.99607	0.8215	0.98388	0.30542	2.3077	0.086444	0.67692	0.021016	0.17254
C17orf64	4	0.058545	0.51986	0.66405	0.99607	0.60316	0.9436	0.1223	1.0722	0.49902	0.99803	0.28365	0.62773
C17orf67	4	-0.015421	-0.17281	0.9332	0.99607	0.8628	0.99134	0.22662	2.5083	0.20629	0.98131	0.012133	0.11562
C17orf72	4	0.10032	0.85002	0.45383	0.9625	0.39531	0.84797	-0.25231	-2.1115	0.16896	0.91489	0.034725	0.21821
C17orf74	4	0.060295	0.42238	0.66208	0.99607	0.67275	0.95918	0.15426	1.0664	0.40668	0.99803	0.28626	0.63077
C17orf80	4	0.051192	0.38583	0.70923	0.99607	0.69962	0.97564	-0.10338	-0.76967	0.611	0.99803	0.4415	0.76177
C17orf82	4	-0.0026844	-0.026804	0.99214	0.99607	0.97862	0.99667	0.013027	0.12848	0.95088	0.99803	0.89777	0.97449
C17orf85	4	-0.13086	-1.2544	0.35953	0.95378	0.20969	0.76127	0.036476	0.3454	0.85658	0.99803	0.72979	0.93044
C18orf21	4	0.28678	1.8237	0.013752	0.29167	0.068193	0.65362	-0.11103	-0.69729	0.57564	0.99803	0.48562	0.79472
C18orf25	4	-0.11046	-1.0247	0.42633	0.95378	0.3055	0.79386	-0.071593	-0.65601	0.70923	0.99803	0.51182	0.80763
C18orf54	4	0.10431	0.76548	0.43811	0.95378	0.44398	0.87608	0.082125	0.5952	0.65422	0.99803	0.55171	0.82904
C19orf10	4	-0.058959	-0.51387	0.66994	0.99607	0.60735	0.9436	0.032634	0.28086	0.8723	0.99803	0.77882	0.95301
C19orf24	4	0.15721	1.1817	0.22593	0.88971	0.23732	0.78038	0.01187	0.088117	0.95481	0.99803	0.92978	0.97449
C19orf25	4	0.069262	0.54645	0.62475	0.99607	0.58476	0.9436	-0.16212	-1.2632	0.37328	0.99803	0.20652	0.55918
C19orf33	4	0.086388	0.86909	0.52259	0.98155	0.3848	0.84789	0.047041	0.46736	0.82318	0.99803	0.64024	0.87603
C19orf35	4	-0.024523	-0.25046	0.88212	0.99607	0.80223	0.98388	-0.092202	-0.92979	0.6444	0.99803	0.35248	0.70256
C19orf38	4	-0.0024329	-0.019768	0.99018	0.99607	0.98423	0.99667	-0.23237	-1.8647	0.20236	0.98095	0.062221	0.28705
C19orf40	4	0.13629	1.2731	0.28684	0.90123	0.20299	0.75437	-0.02234	-0.20611	0.9057	0.99803	0.8367	0.96363
C19orf45	4	0.11656	0.70335	0.37917	0.95378	0.48184	0.89637	0.24704	1.4719	0.16699	0.91398	0.14104	0.45151
C19orf55	4	0.29052	1.8205	0.011788	0.28571	0.068677	0.65362	0.046682	0.28858	0.82515	0.99803	0.7729	0.95301
C19orf59	4	-0.099422	-0.74935	0.47544	0.96813	0.45365	0.87785	-0.11799	-0.87819	0.54224	0.99803	0.37984	0.71607
C19orf70	4	-0.12263	-1.6144	0.38114	0.95378	0.10644	0.6985	0.18232	2.3707	0.30452	0.99803	0.017756	0.15582
C19orf80	4	0.13402	0.79956	0.30452	0.93373	0.42396	0.86319	-0.065327	-0.38473	0.7387	0.99803	0.70044	0.91887
C19orf81	4	-0.1231	-1.209	0.38114	0.95378	0.22668	0.7742	-0.0038846	-0.037678	0.99804	0.99804	0.96994	0.98001
C1orf101	4	-0.39252	-3.2246	0.021611	0.36667	0.0012616	0.049395	-0.012422	-0.10079	0.95678	0.99803	0.91972	0.97449
C1orf109	4	0.24284	1.7956	0.039293	0.5122	0.07256	0.65362	-0.15121	-1.1042	0.39293	0.99803	0.2695	0.61434
C1orf112	4	-0.010196	-0.093943	0.96857	0.99607	0.92515	0.99667	-0.24012	-2.1837	0.18861	0.94118	0.028983	0.1967
C1orf158	4	-0.14139	-1.581	0.31827	0.94737	0.11388	0.6985	0.20457	2.2585	0.2554	0.99803	0.023913	0.1764
C1orf162	4	-0.016103	-0.14674	0.92731	0.99607	0.88333	0.99303	-0.22881	-2.0584	0.21022	0.98165	0.039552	0.2314
C1orf168	4	-0.20588	-1.6792	0.16306	0.83838	0.093105	0.69692	0.23545	1.8968	0.1945	0.96117	0.057857	0.27782
C1orf172	4	-0.0034419	-0.032315	0.99214	0.99607	0.97422	0.99667	-0.020312	-0.18837	0.91552	0.99803	0.85059	0.96589
C1orf173	4	-0.0021394	-0.024182	0.98821	0.99607	0.98071	0.99667	-0.15265	-1.7045	0.39096	0.99803	0.088281	0.35948
C1orf174	4	0.12761	1.0483	0.33792	0.95378	0.29448	0.79386	-0.075604	-0.61289	0.69941	0.99803	0.53995	0.8234
C1orf177	4	0.1082	0.99324	0.41847	0.95378	0.32059	0.80386	-0.25183	-2.2825	0.17289	0.91919	0.022462	0.17323
C1orf186	4	0.02325	0.27271	0.86248	0.99607	0.78508	0.9825	-0.17183	-1.9897	0.33988	0.99803	0.046626	0.24467
C1orf189	4	0.091403	0.81238	0.49705	0.96947	0.41658	0.86164	-0.055107	-0.48369	0.7721	0.99803	0.6286	0.87182
C1orf192	4	-0.061258	-0.85321	0.66208	0.99607	0.39354	0.84797	-0.0080329	-0.11051	0.98625	0.99803	0.912	0.97449
C1orf21	4	-0.19943	-2.3402	0.17682	0.85714	0.019272	0.47174	0.31135	3.6077	0.086444	0.67692	0.0003089	0.0046244
C1orf210	4	-0.097755	-0.76574	0.4833	0.96947	0.44383	0.87608	0.18046	1.3964	0.31238	0.99803	0.1626	0.49115
C1orf216	4	0.0040814	0.042572	0.96071	0.99607	0.96604	0.99667	-0.087364	-0.89993	0.65619	0.99803	0.36816	0.71239
C1orf227	4	-0.043514	-0.42943	0.75639	0.99607	0.66761	0.95918	0.058513	0.57035	0.77014	0.99803	0.56844	0.82904
C1orf228	4	-0.2696	-2.0413	0.094303	0.75581	0.041224	0.59952	0.39317	2.9401	0.043222	0.43137	0.0032814	0.037116
C1orf233	4	0.2247	1.5318	0.058939	0.56604	0.12556	0.6985	-0.024429	-0.1644	0.89587	0.99803	0.86942	0.96954
C1orf50	4	-0.0031266	-0.029921	0.99214	0.99607	0.97613	0.99667	-0.045151	-0.42678	0.79764	0.99803	0.66954	0.89439
C1orf51	4	0.0046572	0.040053	0.96071	0.99607	0.96805	0.99667	0.15921	1.3521	0.38703	0.99803	0.17634	0.52488
C1orf52	4	-0.0067989	-0.046089	0.99018	0.99607	0.96324	0.99667	0.014483	0.096966	0.94499	0.99803	0.92275	0.97449
C1orf56	4	-0.093921	-1.0885	0.49509	0.96947	0.27638	0.79386	-0.13318	-1.5246	0.46365	0.99803	0.12735	0.4333
C1orf61	4	0.050837	0.37692	0.70923	0.99607	0.70623	0.98216	0.11586	0.84835	0.51866	0.99803	0.39624	0.72483
C1orf63	4	0.16975	1.5941	0.19057	0.86207	0.11091	0.6985	-0.24483	-2.27	0.17878	0.91919	0.02321	0.1748
C1orf74	4	0.065444	0.44309	0.63654	0.99607	0.6577	0.95918	0.21176	1.4154	0.23772	0.99803	0.15694	0.47834
C1orf85	4	0.25537	1.6397	0.027505	0.4375	0.10106	0.6985	-0.00094941	-0.0060183	0.99411	0.99803	0.9952	0.99634
C1orf94	4	-0.013648	-0.11947	0.94695	0.99607	0.9049	0.99667	-0.0092352	-0.079849	0.98035	0.99803	0.93636	0.97449
C1orf95	4	0.14515	1.4655	0.25933	0.89933	0.14278	0.6985	-0.045379	-0.45248	0.79764	0.99803	0.65093	0.88589
C20orf112	4	-0.1847	-1.3849	0.21415	0.88618	0.16609	0.6985	0.31047	2.2984	0.086444	0.67692	0.021536	0.17323
C20orf194	4	-0.057437	-0.5308	0.6778	0.99607	0.59556	0.9436	-0.024389	-0.22266	0.89784	0.99803	0.8238	0.96173
C20orf78	4	-0.12884	-1.113	0.36346	0.95378	0.26572	0.79386	0.17567	1.499	0.32613	0.99803	0.13388	0.44251
C20orf96	4	0.10675	0.98113	0.4224	0.95378	0.32653	0.80666	-0.070685	-0.6417	0.71513	0.99803	0.52107	0.80861
C21orf2	4	-0.12816	-1.3056	0.36739	0.95378	0.19168	0.75437	-0.086152	-0.86665	0.66208	0.99803	0.38613	0.71993
C21orf58	4	0.19652	1.2382	0.11395	0.75581	0.21565	0.76127	0.07153	0.4449	0.71513	0.99803	0.65639	0.88931
C21orf59	4	0.096501	0.80968	0.46562	0.96813	0.41812	0.86164	-0.14113	-1.1693	0.42436	0.99803	0.2423	0.6059
C21orf91	4	-0.037136	-0.30489	0.80943	0.99607	0.76045	0.9825	-0.12256	-0.99395	0.52063	0.99803	0.32025	0.66881
C22orf15	4	0.28708	2.3365	0.013752	0.29167	0.019463	0.47174	-0.19735	-1.5854	0.26523	0.99803	0.11287	0.40757
C22orf23	4	-0.03094	-0.28396	0.83497	0.99607	0.77644	0.9825	0.012744	0.11552	0.95088	0.99803	0.90803	0.97449
C22orf26	4	0.15922	1.5786	0.222	0.88971	0.11444	0.6985	-0.17258	-1.6899	0.33988	0.99803	0.091055	0.36691
C22orf31	4	-0.15613	-1.7389	0.27505	0.90123	0.082056	0.68123	0.13471	1.482	0.4558	0.99803	0.13835	0.4457
C22orf43	4	-0.049576	-0.47603	0.72888	0.99607	0.63405	0.95918	-0.13808	-1.3094	0.44401	0.99803	0.19038	0.54033
C2CD2	4	-0.07993	-0.85688	0.5501	0.99607	0.39151	0.84797	0.20555	2.1762	0.25344	0.99803	0.029544	0.19787
C2CD4B	4	0.22517	1.7681	0.058939	0.56604	0.077049	0.66471	-0.054734	-0.42445	0.77407	0.99803	0.67124	0.89439
C2orf15	4	0.040989	0.34276	0.76817	0.99607	0.73178	0.9825	0.1992	1.6442	0.26916	0.99803	0.10013	0.37753
C2orf42	4	0.125	0.91344	0.34774	0.95378	0.36101	0.82401	-0.0095636	-0.069029	0.98035	0.99803	0.94497	0.97449
C2orf49	4	0.24737	1.2739	0.035363	0.48649	0.20269	0.75437	0.14622	0.74365	0.42633	0.99803	0.45709	0.76647
C2orf53	4	-0.076095	-0.71461	0.57564	0.99607	0.47485	0.89188	0.027024	0.25065	0.89784	0.99803	0.80209	0.95943
C2orf73	4	0.044337	0.40654	0.7446	0.99607	0.68434	0.96212	0.020592	0.18653	0.92534	0.99803	0.85203	0.96589
C2orf78	4	-0.1449	-1.1244	0.30648	0.93413	0.26082	0.79023	0.31101	2.3831	0.086444	0.67692	0.017166	0.15329
C2orf82	4	0.30166	1.9817	0.0078585	0.22222	0.047515	0.63646	-0.12266	-0.79579	0.51866	0.99803	0.42615	0.75317
C3orf20	4	-0.13902	-1.1853	0.33202	0.95378	0.23588	0.78038	-0.056148	-0.47284	0.76621	0.99803	0.63632	0.87503
C3orf30	4	-0.015434	-0.15395	0.9332	0.99607	0.87765	0.99272	-0.11073	-1.0907	0.57564	0.99803	0.27539	0.62023
C3orf33	4	-0.10838	-1.0548	0.43222	0.95378	0.29154	0.79386	0.0073602	0.070748	0.97053	0.99803	0.9436	0.97449
C3orf67	4	-0.17273	-1.4936	0.23772	0.88971	0.13528	0.6985	0.20413	1.7436	0.25737	0.99803	0.08123	0.33615
C3orf72	4	-0.087372	-0.88857	0.52456	0.98162	0.37423	0.83546	0.069185	0.6948	0.72102	0.99803	0.48718	0.79472
C4orf21	4	-0.076441	-0.81238	0.57171	0.99607	0.41657	0.86164	0.059848	0.62812	0.76817	0.99803	0.52993	0.81245
C4orf27	4	-0.25068	-2.4494	0.11198	0.75581	0.014308	0.43832	0.10185	0.98307	0.56582	0.99803	0.32557	0.67092
C4orf33	4	0.039907	0.48035	0.77407	0.99607	0.63098	0.95918	0.098263	1.1679	0.57957	0.99803	0.24284	0.6059
C4orf36	4	0.23015	1.9428	0.05501	0.56604	0.05204	0.65362	-0.21872	-1.8234	0.22397	0.99803	0.068246	0.29946
C4orf6	4	-0.19141	-1.8744	0.19843	0.86325	0.060878	0.65362	0.13883	1.343	0.44597	0.99803	0.17929	0.53056
C5orf34	4	-0.10707	-1.132	0.44008	0.95378	0.25762	0.78697	0.088416	0.92343	0.62279	0.99803	0.35578	0.70256
C5orf45	4	0.06679	0.61934	0.63065	0.99607	0.53569	0.92013	0.074684	0.68395	0.68959	0.99803	0.49401	0.79472
C5orf46	4	0.16119	1.6567	0.21218	0.88618	0.09758	0.6985	-0.030405	-0.3086	0.87623	0.99803	0.75762	0.94599
C5orf48	4	-0.092233	-0.58751	0.49902	0.96947	0.55686	0.92932	0.32782	2.0605	0.08055	0.67692	0.039351	0.2314
C5orf54	4	0.094534	0.66709	0.47741	0.96813	0.50472	0.90717	-0.039773	-0.27723	0.8389	0.99803	0.7816	0.95301
C6orf10	4	0.21173	1.4998	0.090373	0.7541	0.13367	0.6985	-0.04637	-0.32437	0.79175	0.99803	0.74566	0.94179
C6orf106	4	-0.025077	-0.27898	0.88016	0.99607	0.78026	0.9825	-0.052432	-0.57608	0.77603	0.99803	0.56456	0.82904
C6orf118	4	-0.05838	-0.48629	0.67191	0.99607	0.62676	0.95918	-0.0048151	-0.039614	0.99607	0.99803	0.9684	0.98001
C6orf132	4	-0.08786	-0.91699	0.52259	0.98155	0.35915	0.82401	0.020098	0.20711	0.92534	0.99803	0.83593	0.96363
C6orf201	4	0.25244	1.5204	0.02947	0.45455	0.1284	0.6985	-0.073506	-0.4369	0.70138	0.99803	0.66218	0.88931
C6orf211	4	0.16452	1.4632	0.19646	0.86207	0.1434	0.6985	-0.28522	-2.5044	0.1336	0.86667	0.012266	0.11562
C6orf223	4	-0.11416	-1.0519	0.41061	0.95378	0.29285	0.79386	0.10215	0.92952	0.56582	0.99803	0.35262	0.70256
C6orf48	4	-0.14112	-1.3874	0.32024	0.94767	0.16532	0.6985	0.19407	1.8846	0.27701	0.99803	0.059481	0.28295
C6orf52	4	0.013908	0.12053	0.91945	0.99607	0.90406	0.99667	0.097123	0.831	0.58743	0.99803	0.40597	0.73018
C6orf57	4	0.07236	0.47611	0.59332	0.99607	0.634	0.95918	0.1285	0.8348	0.48134	0.99803	0.40383	0.7289
C6orf62	4	0.10036	0.96806	0.45383	0.9625	0.33301	0.81103	0.046454	0.4424	0.82515	0.99803	0.6582	0.88931
C6orf99	4	0.018545	0.17532	0.88802	0.99607	0.86083	0.99131	-0.077091	-0.71985	0.68959	0.99803	0.47162	0.78193
C7orf10	4	0.1112	1.2729	0.40668	0.95378	0.20304	0.75437	-0.093992	-1.0626	0.64244	0.99803	0.28797	0.63181
C7orf25	4	0.24851	1.4861	0.035363	0.48649	0.13725	0.6985	0.058048	0.34275	0.7721	0.99803	0.73179	0.93044
C7orf29	4	0.1382	1.1529	0.27898	0.90123	0.24895	0.78218	0.032253	0.26572	0.87426	0.99803	0.79045	0.95301
C7orf43	4	0.043056	0.4476	0.75442	0.99607	0.65444	0.95918	0.12726	1.3063	0.48723	0.99803	0.19145	0.54033
C7orf49	4	-0.075992	-0.75202	0.5776	0.99607	0.45204	0.87785	0.062641	0.61219	0.75639	0.99803	0.54041	0.8234
C7orf50	4	0.074808	0.52293	0.58743	0.99607	0.60102	0.9436	0.098207	0.67754	0.58153	0.99803	0.49806	0.79472
C7orf55	4	0.028679	0.22693	0.83497	0.99607	0.82048	0.98388	0.12316	0.96258	0.49312	0.99803	0.33576	0.68635
C8orf22	4	0.087406	0.67047	0.51081	0.97744	0.50256	0.9071	-0.26602	-2.0154	0.14931	0.86667	0.04386	0.24033
C8orf34	4	-0.19074	-2.0241	0.20039	0.86441	0.042957	0.60737	0.075624	0.7927	0.68566	0.99803	0.42795	0.75372
C8orf37	4	-0.19175	-1.8952	0.19646	0.86207	0.05806	0.65362	-0.057831	-0.56449	0.76424	0.99803	0.57242	0.83246
C8orf42	4	-0.1119	-1.2865	0.4224	0.95378	0.19825	0.75437	0.18849	2.1396	0.27898	0.99803	0.032384	0.21168
C8orf44	4	0.13929	1.2329	0.27505	0.90123	0.21762	0.76127	0.031178	0.27256	0.88605	0.99803	0.78519	0.95301
C8orf46	4	-0.24358	-2.1059	0.11395	0.75581	0.035214	0.59761	0.18282	1.5613	0.30059	0.99803	0.11846	0.41871
C8orf47	4	0.029434	0.20419	0.83104	0.99607	0.8382	0.99131	0.23891	1.6365	0.18468	0.94	0.10173	0.38073
C8orf74	4	0.095592	0.78447	0.46955	0.96813	0.43277	0.87187	0.0042843	0.03471	0.98035	0.99803	0.97231	0.98001
C8orf76	4	0.089888	0.69691	0.50295	0.97338	0.48586	0.89928	-0.034134	-0.2613	0.86444	0.99803	0.79386	0.95301
C9orf116	4	0.070105	0.61811	0.6169	0.99607	0.5365	0.92013	-0.13097	-1.1403	0.47348	0.99803	0.25416	0.6101
C9orf117	4	0.14854	0.93364	0.24754	0.89933	0.35049	0.81834	0.10403	0.64563	0.56189	0.99803	0.51852	0.80763
C9orf123	4	0.1043	0.95534	0.43811	0.95378	0.33941	0.81107	-0.071412	-0.64596	0.70923	0.99803	0.5183	0.80763
C9orf135	4	0.077204	0.70225	0.57171	0.99607	0.48252	0.89637	-0.024788	-0.2227	0.89587	0.99803	0.82377	0.96173
C9orf142	4	0.0090758	0.079987	0.9391	0.99607	0.93625	0.99667	-0.24043	-2.0928	0.18861	0.94118	0.036363	0.22034
C9orf153	4	0.032894	0.364	0.80943	0.99607	0.71586	0.9825	-0.064874	-0.70884	0.74067	0.99803	0.47842	0.79064
C9orf3	4	-0.17344	-1.4039	0.23772	0.88971	0.16036	0.6985	-0.012377	-0.09894	0.95874	0.99803	0.92119	0.97449
C9orf37	4	0.078418	0.66064	0.57171	0.99607	0.50884	0.90717	-0.050685	-0.42177	0.77996	0.99803	0.67319	0.89466
C9orf50	4	-0.046747	-0.4027	0.74067	0.99607	0.68717	0.96212	-0.17953	-1.5273	0.3222	0.99803	0.12668	0.4333
C9orf64	4	-0.078594	-0.76246	0.56189	0.99607	0.44578	0.87608	0.21951	2.1031	0.21807	0.99107	0.035461	0.22012
C9orf66	4	-0.20565	-1.7835	0.16503	0.84	0.074501	0.65381	0.11791	1.0099	0.51473	0.99803	0.31256	0.66522
C9orf69	4	0.044913	0.49232	0.74263	0.99607	0.62249	0.95724	0.036342	0.39344	0.85658	0.99803	0.69399	0.91505
C9orf72	4	0.16609	1.1634	0.19646	0.86207	0.24468	0.78218	0.078273	0.54148	0.67583	0.99803	0.58818	0.84811
C9orf9	4	-0.091726	-1.0703	0.49902	0.96947	0.28448	0.79386	0.08004	0.9225	0.66601	0.99803	0.35627	0.70256
C9orf91	4	0.11849	1.512	0.36739	0.95378	0.13054	0.6985	0.030075	0.37896	0.88802	0.99803	0.70472	0.91969
C9orf96	4	-0.050926	-0.56137	0.71906	0.99607	0.57455	0.9436	0.13471	1.4668	0.4558	0.99803	0.14244	0.45314
CA9	4	-0.081399	-0.73224	0.54224	0.99607	0.46402	0.87802	0.01916	0.17014	0.92731	0.99803	0.8649	0.96954
CAB39L	4	-0.092225	-0.75915	0.49902	0.96947	0.44777	0.87659	0.14459	1.1756	0.43026	0.99803	0.23974	0.60409
CABLES1	4	0.33387	2.0669	0.0039293	0.11765	0.038745	0.59761	-0.17087	-1.0447	0.34381	0.99803	0.29618	0.64702
CABP1	4	0.086116	0.65927	0.52259	0.98155	0.50972	0.90717	0.09823	0.74252	0.57957	0.99803	0.45777	0.76647
CACUL1	4	0.026692	0.24	0.84283	0.99607	0.81033	0.98388	-0.05567	-0.49442	0.76621	0.99803	0.62101	0.86602
CAD	4	0.191	1.8283	0.1277	0.75581	0.067504	0.65362	-0.0044713	-0.042273	0.99607	0.99803	0.96628	0.98001
CALCA	4	-0.072182	-0.51692	0.59332	0.99607	0.60521	0.9436	0.17587	1.2439	0.3222	0.99803	0.21353	0.57203
CALCOCO2	4	-0.077401	-1.0255	0.57171	0.99607	0.30513	0.79386	0.032764	0.42877	0.8723	0.99803	0.66809	0.89439
CALML6	4	0.13193	0.95743	0.31434	0.94118	0.33835	0.81107	-0.096212	-0.68957	0.63458	0.99803	0.49047	0.79472
CALR	4	0.11482	0.9982	0.39096	0.95378	0.31818	0.80386	-0.14122	-1.2092	0.42436	0.99803	0.22657	0.58808
CAMK1D	4	0.10548	0.97805	0.43418	0.95378	0.32805	0.80666	-0.21856	-2.0016	0.22397	0.99803	0.045327	0.24033
CAMK1G	4	-0.063032	-0.73267	0.65815	0.99607	0.46376	0.87802	0.075941	0.872	0.68369	0.99803	0.38321	0.71968
CAMK2A	4	0.35807	2.0963	0	0	0.036055	0.59761	-0.064046	-0.37008	0.74263	0.99803	0.71133	0.91969
CAMK2G	4	0.22115	1.4311	0.068762	0.63636	0.15241	0.6985	0.13487	0.86125	0.4558	0.99803	0.3891	0.72018
CAMK2N2	4	-0.054414	-0.43326	0.69155	0.99607	0.66483	0.95918	0.1617	1.2711	0.38114	0.99803	0.20371	0.55918
CAMKK1	4	0.15476	0.94392	0.23183	0.88971	0.34521	0.81726	0.20787	1.2521	0.24951	0.99803	0.21054	0.56701
CAND1	4	-0.10129	-0.99531	0.46562	0.96813	0.31958	0.80386	0.16967	1.6467	0.34578	0.99803	0.099611	0.37753
CAND2	4	-0.0028392	-0.024023	0.99214	0.99607	0.98083	0.99667	0.016894	0.1412	0.93517	0.99803	0.88772	0.97449
CAPG	4	0.20587	1.5079	0.094303	0.75581	0.13157	0.6985	-0.011929	-0.086297	0.96071	0.99803	0.93123	0.97449
CAPN3	4	-0.00598	-0.053051	0.99214	0.99607	0.95769	0.99667	-0.082642	-0.72418	0.66601	0.99803	0.46895	0.78058
CAPN7	4	-0.047773	-0.40656	0.73477	0.99607	0.68433	0.96212	0.13751	1.156	0.45187	0.99803	0.2477	0.60903
CARD8	4	-0.040917	-0.33855	0.79175	0.99607	0.73495	0.9825	0.078118	0.63851	0.6778	0.99803	0.52314	0.80909
CARM1	4	0.14819	1.1894	0.25147	0.89933	0.23428	0.78038	-0.079277	-0.6283	0.6778	0.99803	0.52981	0.81245
CASC3	4	-0.05376	-0.45231	0.69548	0.99607	0.65104	0.95918	0.18438	1.5324	0.29273	0.99803	0.12544	0.4333
CASC5	4	0.063333	0.52495	0.6444	0.99607	0.59962	0.9436	0.10551	0.86353	0.55992	0.99803	0.38784	0.72018
CASK	4	-0.024964	-0.27893	0.88016	0.99607	0.7803	0.9825	0.12964	1.4306	0.47544	0.99803	0.15254	0.47267
CASP2	4	-0.0040066	-0.031083	0.99411	0.99607	0.9752	0.99667	-0.0088753	-0.068015	0.98232	0.99803	0.94577	0.97449
CASP3	4	-0.038255	-0.28546	0.80747	0.99607	0.77529	0.9825	0.059319	0.43711	0.76817	0.99803	0.66203	0.88931
CASP6	4	-0.12898	-1.135	0.35953	0.95378	0.25636	0.78697	0.062714	0.54516	0.75639	0.99803	0.58564	0.84685
CASP8	4	0.021554	0.14618	0.87426	0.99607	0.88378	0.99303	0.072496	0.48567	0.70138	0.99803	0.6272	0.87182
CAV2	4	-0.12215	-1.153	0.3831	0.95378	0.2489	0.78218	0.27029	2.52	0.12967	0.86667	0.011735	0.11562
CBLB	4	0.27028	2.0794	0.019646	0.34483	0.037576	0.59761	-0.091009	-0.69126	0.64833	0.99803	0.4894	0.79472
CBLC	4	0.051088	0.41494	0.70923	0.99607	0.67819	0.95993	0.062946	0.50494	0.75442	0.99803	0.6136	0.86277
CBX2	4	-0.031965	-0.27737	0.82515	0.99607	0.7815	0.9825	-0.06177	-0.52929	0.74853	0.99803	0.59661	0.85301
CBX4	4	-0.13522	-1.2051	0.34774	0.95378	0.22815	0.7742	0.29962	2.6349	0.092338	0.69118	0.008416	0.087423
CBX7	4	0.17893	1.2505	0.16306	0.83838	0.2111	0.76127	0.13566	0.93638	0.45383	0.99803	0.34908	0.70229
CBX8	4	-0.017483	-0.13155	0.91945	0.99607	0.89534	0.99392	0.10172	0.75603	0.56582	0.99803	0.44963	0.76647
CC2D1B	4	-0.1303	-1.116	0.35953	0.95378	0.26441	0.79386	0.024719	0.20911	0.91356	0.99803	0.83436	0.96363
CCAR1	4	0.05879	0.524	0.66405	0.99607	0.60028	0.9436	-0.16856	-1.484	0.35167	0.99803	0.13781	0.4457
CCDC102A	4	-0.12127	-1.0299	0.389	0.95378	0.30304	0.79386	0.26382	2.2134	0.14145	0.86667	0.026872	0.18857
CCDC103	4	0.21853	1.0886	0.076621	0.67241	0.27632	0.79386	0.20689	1.0178	0.25344	0.99803	0.3088	0.66041
CCDC105	4	-0.0058291	-0.062983	0.99607	0.99607	0.94978	0.99667	-0.076603	-0.81689	0.69352	0.99803	0.41399	0.74166
CCDC106	4	0.0059143	0.052954	0.95678	0.99607	0.95777	0.99667	-0.00051855	-0.0045865	0.99411	0.99803	0.99634	0.99634
CCDC107	4	-0.10826	-0.89903	0.43222	0.95378	0.36864	0.8266	-0.013003	-0.10665	0.95678	0.99803	0.91507	0.97449
CCDC109B	4	-0.19977	-1.9939	0.17682	0.85714	0.046165	0.63508	0.099898	0.9845	0.5776	0.99803	0.32487	0.67092
CCDC11	4	-0.22527	-1.8143	0.12181	0.75581	0.069633	0.65362	0.11076	0.88048	0.5442	0.99803	0.3786	0.71607
CCDC113	4	0.22514	1.1438	0.058939	0.56604	0.25271	0.78432	0.25425	1.2744	0.15128	0.86667	0.20254	0.55918
CCDC115	4	0.22804	1.6887	0.056974	0.56604	0.091274	0.69692	-0.038246	-0.27964	0.84479	0.99803	0.77975	0.95301
CCDC116	4	0.078695	0.681	0.56974	0.99607	0.49587	0.90142	0.14782	1.2632	0.4224	0.99803	0.20653	0.55918
CDK1	4	-0.86899	-4.0638	0	0	4.8272e-05	0.0024571	0.060859	0.28099	0.76031	0.99803	0.77872	0.95301
CHEK1	4	-0.022568	-0.13403	0.88802	0.99607	0.89338	0.99392	-0.87794	-5.1481	0	0	2.6315e-07	5.1516e-06
CHEK2	4	0.011989	0.068133	0.93124	0.99607	0.94568	0.99667	-1.141	-6.4034	0	0	1.5194e-10	7.0307e-09
DYNLL1	4	0.074966	0.12697	0.58743	0.99607	0.89897	0.99473	1.1751	1.9641	0	0	0.049518	0.24889
EEF2	4	-1.0352	-4.8757	0	0	1.0844e-06	0.00017301	0.20348	0.94631	0.25737	0.99803	0.34399	0.69851
EIF3A	4	-1.2513	-5.4801	0	0	4.2498e-08	1.9267e-05	0.15	0.64884	0.4224	0.99803	0.51644	0.80763
EXO1	4	-0.25052	-1.2111	0.11198	0.75581	0.22586	0.7742	-1.1572	-5.5222	0	0	3.3469e-08	7.4068e-07
FAM35A	4	0.16803	0.30363	0.1945	0.86207	0.76141	0.9825	1.0448	1.8627	0	0	0.062503	0.28705
FANCA	4	-0.15217	-0.76308	0.28684	0.90123	0.44542	0.87608	-1.2686	-6.2822	0	0	3.3376e-10	1.3068e-08
FANCB	4	0.015766	0.09025	0.9057	0.99607	0.92809	0.99667	-1.3418	-7.5844	0	0	3.3396e-14	9.0276e-12
FANCC	4	0.062447	0.32795	0.64833	0.99607	0.74295	0.9825	-1.462	-7.5766	0	0	3.5472e-14	9.0276e-12
FANCD2	4	-0.045226	-0.2256	0.74656	0.99607	0.82151	0.98388	-1.4372	-7.0783	0	0	1.4594e-12	1.4856e-10
FANCE	4	0.0041341	0.022009	0.96071	0.99607	0.98244	0.99667	-0.87922	-4.6126	0	0	3.9757e-06	6.9781e-05
FANCF	4	0.1026	0.61888	0.44401	0.95378	0.53599	0.92013	-0.79596	-4.7399	0	0	2.1377e-06	3.8861e-05
FANCI	4	-0.2372	-1.2998	0.11591	0.75581	0.19366	0.75437	-0.80037	-4.332	0	0	1.4776e-05	0.0002507
FANCL	4	-0.074943	-0.46804	0.58153	0.99607	0.63976	0.95918	-0.92317	-5.695	0	0	1.2338e-08	2.9906e-07
FANCM	4	-0.23929	-1.4841	0.11395	0.75581	0.13779	0.6985	-0.59388	-3.6291	0.0058939	0.065217	0.00028438	0.0043863
H2AFX	4	-0.28688	-1.5348	0.070727	0.64286	0.12484	0.6985	-0.9113	-4.8147	0	0	1.4744e-06	2.7794e-05
MAD2L2	4	-0.24776	-0.61003	0.11198	0.75581	0.54184	0.92013	1.1848	2.8767	0	0	0.0040191	0.044472
MRE11	4	0.055541	0.30759	0.68173	0.99607	0.75839	0.9825	-1.0245	-5.6025	0	0	2.1132e-08	4.8892e-07
NBN	4	0.11879	0.68797	0.36542	0.95378	0.49147	0.90104	-1.0448	-5.9747	0	0	2.3049e-09	7.3325e-08
PALB2	4	0.11173	0.60849	0.40668	0.95378	0.54286	0.92013	-1.059	-5.6951	0	0	1.2334e-08	2.9906e-07
PARP1	4	0.24221	0.32221	0.039293	0.5122	0.74729	0.9825	1.2012	1.577	0	0	0.11479	0.41147
PARP2	4	0.092405	0.26428	0.49312	0.96947	0.79157	0.98388	0.7961	2.2459	0.0019646	0.022727	0.024708	0.17966
PAXIP1	4	-0.14888	-0.60386	0.29666	0.92073	0.54593	0.92013	0.73907	2.9596	0.0019646	0.022727	0.0030802	0.035632
PCNA	4	-0.97616	-4.262	0	0	2.026e-05	0.0014732	0.031179	0.13444	0.88605	0.99803	0.89305	0.97449
POLR2A	4	-0.89675	-4.0877	0	0	4.3574e-05	0.0024571	-0.16628	-0.74806	0.35953	0.99803	0.45442	0.76647
PSMD1	4	-1.1008	-4.5444	0	0	5.5099e-06	0.00050626	-0.061107	-0.24909	0.75442	0.99803	0.80329	0.95943
RAD50	4	-0.12963	-0.68111	0.35953	0.95378	0.4958	0.90142	-1.0582	-5.491	0	0	3.9963e-08	8.1365e-07
RAD51	4	0.04508	0.23817	0.74263	0.99607	0.81175	0.98388	-1.3625	-7.102	0	0	1.2293e-12	1.4856e-10
RAD51B	4	0.17571	0.89937	0.16306	0.83838	0.36845	0.8266	-1.2555	-6.347	0	0	2.1961e-10	9.3151e-09
RAD51C	4	-0.16694	-0.90837	0.25737	0.89933	0.36368	0.8264	-0.80087	-4.3028	0	0	1.6865e-05	0.00027692
RAD51D	4	0.043919	0.23419	0.74853	0.99607	0.81484	0.98388	-1.2814	-6.7437	0	0	1.5438e-11	8.7313e-10
RBBP8	4	0.0053097	0.029132	0.95678	0.99607	0.97676	0.99667	-1.254	-6.7918	0	0	1.1078e-11	7.7546e-10
REV7	4	-0.027335	-0.06555	0.85265	0.99607	0.94774	0.99667	1.0352	2.4509	0	0	0.014251	0.13189
RIF1	4	-0.015652	-0.037156	0.93124	0.99607	0.97036	0.99667	1.0312	2.415	0	0	0.015736	0.14303
RNF168	4	-0.15436	-0.93958	0.28291	0.90123	0.34743	0.81742	0.59393	3.5695	0.011788	0.12766	0.00035769	0.0050574
RNF8	4	0.24093	0.2969	0.041257	0.5122	0.76654	0.9825	1.2447	1.5124	0	0	0.13044	0.4351
RPA1	4	-0.7762	-4.1245	0	0	3.715e-05	0.0023637	0.096665	0.50735	0.58939	0.99803	0.61191	0.86277
RPL11	4	-0.79133	-3.7765	0	0	0.00015903	0.0073588	-0.1294	-0.60991	0.4833	0.99803	0.54192	0.8234
RPL5	4	-0.65622	-3.5833	0	0	0.00033926	0.01439	-0.016774	-0.09042	0.93517	0.99803	0.92795	0.97449
RPS19	4	-0.99416	-4.5275	0	0	5.9677e-06	0.00050626	0.0077278	0.034762	0.96857	0.99803	0.97227	0.98001
SEC61A1	4	-1.0431	-4.8308	0	0	1.3596e-06	0.00017301	0.33226	1.5199	0.076621	0.67692	0.12854	0.4333
SHLD1	4	0.041863	0.070545	0.76424	0.99607	0.94376	0.99667	1.2117	2.0147	0	0	0.043941	0.24033
SHLD2	4	0.087914	0.19208	0.50884	0.97736	0.84768	0.99131	0.99097	2.1354	0	0	0.032725	0.21168
SHLD3	4	-0.063247	-0.28453	0.65619	0.99607	0.776	0.9825	0.67475	2.9969	0.0039293	0.044444	0.0027272	0.034704
TP53BP1	4	0.12624	0.25582	0.34381	0.95378	0.79809	0.98388	0.94991	1.8999	0	0	0.057446	0.27782
UBA1	4	-1.1509	-5.3771	0	0	7.5707e-08	1.9267e-05	0.32748	1.511	0.082515	0.67692	0.13079	0.4351
WRN	4	-0.30988	-1.6886	0.051081	0.56604	0.091297	0.69692	-0.66867	-3.5986	0	0	0.00031991	0.0046524
XRCC2	4	0.12107	0.60676	0.35756	0.95378	0.54401	0.92013	-1.1794	-5.8329	0	0	5.447e-09	1.4592e-07
XRCC3	4	-0.037188	-0.18224	0.80943	0.99607	0.85539	0.99131	-1.5523	-7.512	0	0	5.8214e-14	9.877e-12
