Gene	sgRNA	time|beta	time|z	time|p-value	time|fdr	time|wald-p-value	time|wald-fdr	drug_lo|beta	drug_lo|z	drug_lo|p-value	drug_lo|fdr	drug_lo|wald-p-value	drug_lo|wald-fdr	drug_hi|beta	drug_hi|z	drug_hi|p-value	drug_hi|fdr	drug_hi|wald-p-value	drug_hi|wald-fdr
AAAS	4	0.19066	1.3537	0.11984	0.78205	0.17584	0.79914	-0.26809	-1.8689	0.21218	0.99214	0.061632	0.33624	-0.21801	-1.5198	0.36149	0.94521	0.12855	0.43166
AAK1	4	-0.077104	-0.58449	0.58743	0.95899	0.55889	0.96083	-0.11723	-0.87377	0.51473	0.99214	0.38224	0.73693	-0.030711	-0.2289	0.8723	0.98144	0.81895	0.91368
AATF	4	0.11691	0.80429	0.33595	0.92273	0.42123	0.89618	0.26788	1.8109	0.12377	0.84211	0.070157	0.35267	0.077113	0.52129	0.65422	0.94521	0.60217	0.80237
AATK	4	0.071083	0.44802	0.54617	0.95286	0.65414	0.98139	0.020915	0.12955	0.92731	0.99214	0.89692	0.98603	0.085653	0.53054	0.63261	0.94521	0.59574	0.79797
ABCC1	4	0.092206	0.73828	0.43026	0.94286	0.46034	0.91193	-0.087215	-0.68628	0.62279	0.99214	0.49253	0.81077	-0.075674	-0.59547	0.67976	0.94536	0.55153	0.78061
ABHD14B	4	-0.024294	-0.20447	0.84086	0.98684	0.83799	0.99722	-0.059861	-0.49516	0.71513	0.99214	0.62048	0.88578	0.31884	2.6374	0.15128	0.94521	0.0083535	0.070866
ABTB1	4	-0.044424	-0.32908	0.73477	0.98433	0.74209	0.99722	-0.28183	-2.052	0.19253	0.99214	0.040166	0.28006	-0.26036	-1.8957	0.2888	0.94521	0.057996	0.26837
ACAD9	4	0.069467	0.58554	0.55403	0.95286	0.55818	0.96083	0.10325	0.85511	0.52456	0.99214	0.39249	0.7414	-0.19446	-1.6104	0.40079	0.94521	0.10731	0.40159
ACAT2	4	0.02432	0.14726	0.8664	0.98684	0.88293	0.99722	0.25946	1.5428	0.12967	0.85185	0.12287	0.47024	0.047287	0.28116	0.79371	0.97602	0.77859	0.89972
ACD	4	0.073167	0.73517	0.54224	0.95286	0.46223	0.91193	-0.13585	-1.3414	0.46169	0.99214	0.17978	0.55459	-0.28736	-2.8375	0.25737	0.94521	0.0045462	0.048209
ACHE	4	-0.038084	-0.34218	0.76621	0.98684	0.73221	0.99722	0.034977	0.3089	0.85855	0.99214	0.75739	0.95804	-0.12116	-1.0701	0.53242	0.94521	0.28459	0.60356
ACLY	4	0.017577	0.11812	0.8998	0.99349	0.90597	0.99722	-0.044008	-0.29068	0.77603	0.99214	0.7713	0.95804	0.29755	1.9653	0.15914	0.94521	0.049376	0.24419
ACO2	4	0.071307	0.70363	0.54617	0.95286	0.48166	0.92998	0.081301	0.78831	0.64047	0.99214	0.43051	0.76353	-0.08341	-0.80873	0.65619	0.94521	0.41867	0.69448
ACP1	4	-0.012573	-0.11304	0.90766	0.99406	0.91	0.99722	-0.065722	-0.58075	0.7053	0.99214	0.56141	0.86072	-0.14743	-1.3028	0.48723	0.94521	0.19265	0.49322
ACTL6B	4	-0.054548	-0.45751	0.68959	0.98133	0.64731	0.98139	0.18103	1.4926	0.28094	0.99214	0.13555	0.48518	0.1656	1.3654	0.36739	0.94521	0.17213	0.48362
ACTN1	4	-0.030092	-0.22048	0.80943	0.98684	0.8255	0.99722	0.065291	0.47018	0.69548	0.99214	0.63823	0.90367	0.19233	1.3851	0.3222	0.94521	0.16603	0.47478
ACTR1A	4	-0.049386	-0.52229	0.70923	0.98133	0.60147	0.9806	-0.057173	-0.59441	0.72102	0.99214	0.55223	0.84921	-0.079727	-0.82889	0.66798	0.94521	0.40716	0.69119
ACTR3	4	-0.00022415	-0.0024713	0.97839	0.99406	0.99803	0.99812	-0.10693	-1.1589	0.54028	0.99214	0.24649	0.61011	-0.15377	-1.6666	0.47741	0.94521	0.095595	0.38014
ACTR8	4	-0.025195	-0.24118	0.83497	0.98684	0.80941	0.99722	0.09362	0.88106	0.5776	0.99214	0.37829	0.7359	0.090297	0.84978	0.60314	0.94521	0.39545	0.6858
ACTRT3	4	-0.20286	-1.7917	0.19253	0.82946	0.073187	0.75388	-0.017878	-0.15517	0.90766	0.99214	0.87668	0.98256	-0.12526	-1.0871	0.52456	0.94521	0.27697	0.59991
ADAD1	4	0.028652	0.25767	0.84283	0.98684	0.79666	0.99722	-0.077329	-0.68349	0.65422	0.99214	0.4943	0.81077	0.14232	1.258	0.42436	0.94521	0.20841	0.51495
ADAM10	4	-0.074982	-0.65087	0.59725	0.95899	0.51513	0.93876	0.13774	1.174	0.389	0.99214	0.2404	0.61011	0.23416	1.9959	0.24165	0.94521	0.045941	0.24419
ADAM12	4	-0.03919	-0.38922	0.76424	0.98684	0.69711	0.98607	0.029163	0.28468	0.88016	0.99214	0.77589	0.95856	0.067659	0.66047	0.69745	0.95687	0.50896	0.74872
ADAMTS5	4	-0.092812	-0.76294	0.51473	0.95286	0.4455	0.91193	0.079758	0.64457	0.64833	0.99214	0.51921	0.83021	-0.076688	-0.61974	0.6778	0.94521	0.53543	0.77305
ADAP1	4	-0.014375	-0.1321	0.88998	0.98696	0.89491	0.99722	0.023125	0.20875	0.91159	0.99214	0.83464	0.96453	-0.069014	-0.62296	0.70923	0.96011	0.53331	0.77305
ADCK3	4	0.34081	1.7683	0.0039293	0.13333	0.077017	0.75388	-0.085436	-0.43512	0.63458	0.99214	0.66348	0.90782	-0.16012	-0.81546	0.46758	0.94521	0.41481	0.69225
ADCK4	4	0.019288	0.17901	0.88409	0.98684	0.85793	0.99722	-0.26047	-2.376	0.22986	0.99214	0.017502	0.18559	-0.22323	-2.0363	0.34971	0.94521	0.041718	0.23081
ADCY1	4	0.18333	1.1636	0.13556	0.82143	0.2446	0.82146	0.25675	1.6014	0.13556	0.85185	0.10929	0.45304	-0.032555	-0.20305	0.86248	0.98144	0.8391	0.92048
ADH5	4	0.0051487	0.058841	0.98428	0.99406	0.95308	0.99722	0.0062207	0.069879	0.98625	0.99214	0.94429	0.98655	0.11646	1.3083	0.50098	0.94521	0.19078	0.49312
ADNP	4	0.063478	0.50591	0.59332	0.95899	0.61292	0.9806	-0.011368	-0.08907	0.95088	0.99214	0.92903	0.98655	-0.05393	-0.42253	0.76817	0.97602	0.67264	0.84776
ADNP2	4	0.1244	1.0077	0.30648	0.92273	0.31359	0.85815	-0.067813	-0.53971	0.69352	0.99214	0.5894	0.86457	0.18904	1.5046	0.32809	0.94521	0.13243	0.43166
ADPRHL2	4	0.17905	1.363	0.15128	0.82946	0.17289	0.79279	-0.12504	-0.93527	0.48723	0.99214	0.34965	0.72895	0.014996	0.11216	0.94892	0.98377	0.91069	0.94988
ADRA1A	4	-0.25799	-2.8188	0.10609	0.76	0.0048206	0.16358	0.28754	3.0886	0.10216	0.75362	0.0020107	0.029241	0.25521	2.7414	0.1945	0.94521	0.0061179	0.058862
ADRB1	4	-0.19861	-2.2072	0.19843	0.82946	0.027299	0.6316	0.24035	2.626	0.16503	0.96552	0.0086385	0.10376	0.26405	2.8849	0.19057	0.94521	0.0039149	0.044281
ADRB3	4	-0.12298	-0.89743	0.4224	0.94286	0.36949	0.88807	-0.0054838	-0.039331	0.96857	0.99214	0.96863	0.99201	-0.15918	-1.1416	0.46955	0.94521	0.25363	0.57632
ADRBK1	4	-0.089802	-0.85706	0.52849	0.95286	0.39141	0.88898	0.17547	1.6462	0.29273	0.99214	0.099712	0.42924	0.10593	0.99378	0.54617	0.94521	0.32033	0.62543
ADRBK2	4	-0.0045028	-0.047315	0.96464	0.99406	0.96226	0.99722	0.062226	0.64287	0.7112	0.99214	0.52031	0.83021	0.072164	0.74554	0.6778	0.94521	0.45594	0.72073
AEBP2	4	0.0091103	0.092452	0.95678	0.99406	0.92634	0.99722	-0.1648	-1.6432	0.39096	0.99214	0.10034	0.42924	-0.046048	-0.45917	0.79175	0.97602	0.64611	0.8347
AEN	4	-0.052983	-0.42091	0.69745	0.98133	0.67382	0.98607	-0.018376	-0.14332	0.90766	0.99214	0.88604	0.98256	-0.19436	-1.5153	0.40275	0.94521	0.12969	0.43166
AFF1	4	-0.027781	-0.30502	0.81925	0.98684	0.76035	0.99722	-0.026755	-0.28876	0.8664	0.99214	0.77276	0.95804	0.069321	0.74817	0.69155	0.95393	0.45435	0.72046
AFF2	4	0.066764	0.60325	0.57564	0.95899	0.54634	0.94911	0.042033	0.37323	0.79961	0.99214	0.70898	0.93732	-0.068678	-0.60979	0.7112	0.96021	0.542	0.77713
AFF3	4	-0.14812	-1.2687	0.33595	0.92273	0.20456	0.81482	0.14769	1.2435	0.37132	0.99214	0.21369	0.59391	0.20055	1.6886	0.30059	0.94521	0.091291	0.37174
AFF4	4	-0.29475	-2.4453	0.076621	0.68421	0.014474	0.40928	0.16903	1.3786	0.31827	0.99214	0.16803	0.54826	0.15206	1.2401	0.40079	0.94521	0.21492	0.52157
AGAP3	4	0.080866	0.62803	0.50688	0.95286	0.52998	0.94255	0.035079	0.26782	0.85658	0.99214	0.78884	0.96238	0.017167	0.13107	0.94106	0.98357	0.89572	0.94182
AGBL5	4	0.076943	0.7601	0.52456	0.95286	0.4472	0.91193	0.016432	0.15956	0.94695	0.99214	0.87323	0.98256	-0.030288	-0.2941	0.87426	0.98144	0.76868	0.89929
AGPAT3	4	0.17896	1.2747	0.15128	0.82946	0.20243	0.81482	-0.14889	-1.0421	0.42633	0.99214	0.29737	0.67272	-0.019358	-0.13549	0.91159	0.98144	0.89223	0.94182
AGTPBP1	4	-0.07067	-0.67928	0.61886	0.98131	0.49696	0.93537	0.22994	2.1719	0.17682	0.99214	0.029861	0.23594	0.099244	0.93738	0.56385	0.94521	0.34856	0.65468
AIFM3	4	-0.26373	-2.133	0.10216	0.76	0.032928	0.67041	0.19129	1.5207	0.26916	0.99214	0.12833	0.48028	0.33694	2.6787	0.13752	0.94521	0.0073917	0.066007
AIP	4	-0.064014	-0.66789	0.64637	0.98133	0.5042	0.93537	0.069985	0.71778	0.67976	0.99214	0.47289	0.79439	0.10736	1.1011	0.53831	0.94521	0.27086	0.59942
AIRE	4	0.020633	0.20333	0.88016	0.98684	0.83888	0.99722	-0.19537	-1.8928	0.34578	0.99214	0.058384	0.32926	-0.093281	-0.90374	0.62868	0.94521	0.36613	0.67103
AJUBA	4	0.13681	1.0127	0.2613	0.89262	0.3112	0.85622	-0.12142	-0.88235	0.49705	0.99214	0.37759	0.7359	-0.19322	-1.404	0.40668	0.94521	0.16031	0.46404
AK1	4	0.19355	1.584	0.11002	0.76	0.1132	0.76907	0.031608	0.25424	0.87426	0.99214	0.79931	0.9641	0.12418	0.99886	0.48134	0.94521	0.31786	0.62543
AKAP11	4	0.038039	0.27966	0.76621	0.98684	0.77974	0.99722	0.14681	1.0599	0.37525	0.99214	0.2892	0.66182	0.063758	0.46026	0.71513	0.96042	0.64533	0.8347
AKAP6	4	-0.049569	-0.36859	0.70923	0.98133	0.71243	0.98607	0.15804	1.1553	0.34185	0.99214	0.24798	0.61011	-0.018369	-0.13427	0.91356	0.98144	0.89319	0.94182
AKAP8	4	-0.016903	-0.19062	0.87426	0.98684	0.84883	0.99722	0.17211	1.9076	0.29862	0.99214	0.056444	0.32926	0.094393	1.0462	0.59528	0.94521	0.29546	0.61375
AKIRIN2	4	-0.17972	-1.4636	0.23969	0.86525	0.14329	0.76907	0.21288	1.704	0.22397	0.99214	0.088374	0.40408	0.28938	2.3164	0.16503	0.94521	0.020538	0.14724
AKR1C3	4	-0.11947	-1.1679	0.43615	0.94286	0.24283	0.82146	0.07098	0.68218	0.6778	0.99214	0.49513	0.81077	0.14814	1.4237	0.41454	0.94521	0.15453	0.45998
AKT2	4	0.07242	0.52039	0.54224	0.95286	0.60279	0.9806	0.057891	0.4087	0.74067	0.99214	0.68276	0.91937	0.0031822	0.022465	0.99411	0.99606	0.98208	0.99182
ALDH1A2	4	0.11104	0.90122	0.36149	0.92273	0.36747	0.88807	-0.0032891	-0.026231	0.97446	0.99214	0.97907	0.99218	0.045529	0.3631	0.79961	0.97602	0.71653	0.86479
ALDH1B1	4	-0.001575	-0.0091066	0.97642	0.99406	0.99273	0.99812	0.32038	1.8197	0.05501	0.47458	0.068799	0.35019	0.40465	2.2984	0.096267	0.94231	0.02154	0.14816
ALDH6A1	4	-0.07814	-0.69961	0.57564	0.95899	0.48417	0.92998	0.072425	0.63749	0.67583	0.99214	0.5238	0.83058	-0.042136	-0.37089	0.81925	0.97887	0.71072	0.86479
ALDH7A1	4	0.15941	1.3347	0.19253	0.82946	0.18196	0.80538	-0.12279	-1.0107	0.49116	0.99214	0.31217	0.69447	-0.099477	-0.81878	0.60118	0.94521	0.41291	0.69136
ALG2	4	0.0060482	0.057077	0.97839	0.99406	0.95448	0.99722	0.16721	1.5506	0.33006	0.99214	0.12101	0.47024	0.046441	0.43064	0.79568	0.97602	0.66673	0.84776
ALKBH2	4	-0.13324	-1.2278	0.38703	0.92273	0.21954	0.82146	0.14525	1.3155	0.38114	0.99214	0.18833	0.56734	0.082867	0.75053	0.63851	0.94521	0.45294	0.72045
ALKBH5	4	-0.046875	-0.4489	0.72102	0.98133	0.6535	0.98139	-0.016866	-0.15876	0.92338	0.99214	0.87386	0.98256	0.16498	1.5529	0.36739	0.94521	0.12044	0.42097
ALMS1	4	-0.023384	-0.17939	0.84479	0.98684	0.85763	0.99722	0.11222	0.84603	0.49312	0.99214	0.39753	0.74391	0.056237	0.42396	0.74656	0.97187	0.6716	0.84776
ALOX5AP	4	-0.064613	-0.48565	0.6444	0.98133	0.62722	0.98139	0.11592	0.85663	0.47741	0.99214	0.39165	0.7414	0.079573	0.58801	0.64833	0.94521	0.55653	0.78252
ALPK1	4	0.083975	0.60749	0.47937	0.95286	0.54352	0.94911	0.037035	0.26322	0.84283	0.99214	0.79238	0.96258	0.19133	1.3599	0.32417	0.94521	0.17388	0.48362
ALX4	4	-0.25791	-2.2977	0.10609	0.76	0.021579	0.52302	0.08493	0.74383	0.62279	0.99214	0.45698	0.78318	0.25342	2.2195	0.20039	0.94521	0.026455	0.16832
ALYREF	4	0.16986	1.2787	0.17289	0.82946	0.20099	0.81482	0.028654	0.21204	0.88016	0.99214	0.83208	0.96453	-0.26688	-1.9748	0.27505	0.94521	0.048288	0.24419
AMER1	4	-0.081874	-0.66609	0.55599	0.95286	0.50535	0.93537	-0.016695	-0.1335	0.92338	0.99214	0.8938	0.98603	-0.027741	-0.22182	0.88016	0.98144	0.82445	0.91368
AMHR2	4	-0.0016186	-0.01906	0.97642	0.99406	0.98479	0.99722	-0.0052391	-0.060655	0.96857	0.99214	0.95163	0.98655	-0.012678	-0.14678	0.93517	0.98144	0.88331	0.94059
AMOT	4	0.09773	0.80132	0.39686	0.92273	0.42295	0.89618	0.029386	0.2368	0.88016	0.99214	0.81281	0.96453	0.10515	0.84731	0.54617	0.94521	0.39682	0.6858
ANAPC2	4	-0.20736	-1.8371	0.18468	0.82946	0.0662	0.73252	0.18873	1.6439	0.26916	0.99214	0.10019	0.42924	0.045824	0.39914	0.79764	0.97602	0.68979	0.85949
ANAPC5	4	-0.16384	-1.4622	0.28487	0.91772	0.14368	0.76907	0.017657	0.1549	0.9391	0.99214	0.8769	0.98256	0.053614	0.47034	0.75835	0.97487	0.63811	0.8347
ANAPC7	4	0.22582	1.6855	0.053045	0.58696	0.0919	0.76049	-0.16875	-1.2376	0.39096	0.99214	0.21586	0.59391	-0.15205	-1.1152	0.47937	0.94521	0.26478	0.59434
ANKHD1	4	0.14241	1.4518	0.24361	0.87324	0.14655	0.76907	-0.16979	-1.7012	0.39096	0.99214	0.088913	0.40408	-0.31657	-3.1717	0.22004	0.94521	0.0015156	0.0203
ANKK1	4	0.099664	0.8511	0.39489	0.92273	0.39471	0.88898	0.038884	0.32636	0.82711	0.99214	0.74415	0.95487	0.035468	0.29769	0.86444	0.98144	0.76594	0.8983
ANKLE2	4	0.18608	1.4632	0.12967	0.80488	0.14342	0.76907	0.11654	0.90055	0.47544	0.99214	0.36783	0.7359	-0.11283	-0.87188	0.55599	0.94521	0.38327	0.67974
ANKRD30A	4	-0.15537	-1.5423	0.30648	0.92273	0.12299	0.76907	0.19684	1.9207	0.2554	0.99214	0.054775	0.32926	0.17518	1.7093	0.33792	0.94521	0.087392	0.35873
ANKRD32	4	-0.031444	-0.29133	0.80354	0.98684	0.7708	0.99722	-0.15317	-1.3949	0.40864	0.99214	0.16305	0.54383	-0.27988	-2.5489	0.25737	0.94521	0.010807	0.087318
ANKRD42	4	-0.24875	-1.8909	0.11591	0.76623	0.058642	0.71332	-0.068843	-0.51418	0.68959	0.99214	0.60713	0.87792	0.099148	0.74059	0.56582	0.94521	0.45894	0.72322
ANKS1A	4	0.026018	0.18951	0.85855	0.98684	0.8497	0.99722	0.26613	1.9036	0.12574	0.84211	0.05696	0.32926	0.10704	0.7656	0.53831	0.94521	0.44391	0.71672
ANLN	4	-0.038896	-0.27035	0.76424	0.98684	0.78689	0.99722	0.202	1.3794	0.24558	0.99214	0.16776	0.54826	0.14093	0.96239	0.42829	0.94521	0.33585	0.64026
ANO2	4	0.034468	0.28106	0.79961	0.98684	0.77867	0.99722	-0.13865	-1.1109	0.45383	0.99214	0.2666	0.63411	0.081993	0.65698	0.64244	0.94521	0.51119	0.74985
ANP32A	4	0.06849	0.60583	0.55599	0.95286	0.54463	0.94911	0.0057785	0.050244	0.98821	0.99214	0.95993	0.98846	-0.015731	-0.13678	0.92338	0.98144	0.89121	0.94182
ANP32E	4	0.0052487	0.051569	0.98428	0.99406	0.95887	0.99722	-0.14041	-1.356	0.44597	0.99214	0.17508	0.55459	-0.093025	-0.89843	0.62868	0.94521	0.36896	0.67312
ANXA1	4	0.19398	1.3979	0.11002	0.76	0.16216	0.78469	0.018637	0.13188	0.9332	0.99214	0.89508	0.98603	-0.0086926	-0.061513	0.95285	0.98377	0.95095	0.97203
ANXA11	4	-0.046512	-0.37086	0.72299	0.98133	0.71074	0.98607	0.1663	1.3035	0.33202	0.99214	0.19239	0.57605	0.17906	1.4036	0.33595	0.94521	0.16045	0.46404
AP1AR	4	-0.0057769	-0.045682	0.95481	0.99406	0.96356	0.99722	0.11546	0.89734	0.47937	0.99214	0.36954	0.7359	0.2076	1.6134	0.29077	0.94521	0.10666	0.40159
AP5Z1	4	-0.11378	-1.133	0.4499	0.94286	0.25719	0.83383	0.053062	0.51934	0.76621	0.99214	0.60352	0.87769	0.12377	1.2114	0.48134	0.94521	0.22574	0.53443
APC	4	-0.12507	-1.0728	0.41257	0.93333	0.28338	0.84315	-0.15119	-1.2748	0.41454	0.99214	0.20238	0.58626	-0.14561	-1.2278	0.48723	0.94521	0.21952	0.52706
APEX1	4	0.18449	1.5	0.13556	0.82143	0.13361	0.76907	-0.10399	-0.83082	0.5501	0.99214	0.40607	0.74651	-0.033302	-0.26608	0.86051	0.98144	0.79018	0.89972
APEX2	4	0.087926	0.67974	0.45383	0.94286	0.49667	0.93537	0.17317	1.3154	0.29666	0.99214	0.18837	0.56734	0.15122	1.1487	0.40472	0.94521	0.25068	0.57219
APOA1	4	0.0976	0.74968	0.39686	0.92273	0.45345	0.91193	-0.13153	-0.99317	0.46955	0.99214	0.32063	0.69447	-0.081213	-0.61323	0.66601	0.94521	0.53972	0.77604
APOBEC3A	4	-0.029756	-0.25703	0.81336	0.98684	0.79716	0.99722	0.10868	0.92296	0.51081	0.99214	0.35603	0.73343	0.068312	0.58012	0.69745	0.95687	0.56184	0.78564
APOBEC3B	4	0.13845	1.1657	0.25147	0.87671	0.24375	0.82146	0.065881	0.54489	0.69548	0.99214	0.58583	0.86435	0.096032	0.79427	0.58939	0.94521	0.42704	0.69891
APOBEC3C	4	0.080016	0.76037	0.51081	0.95286	0.44703	0.91193	-0.12487	-1.1664	0.48723	0.99214	0.24346	0.61011	-0.2396	-2.238	0.31041	0.94521	0.025218	0.16248
APOBEC3H	4	-0.2184	-1.6812	0.15717	0.82946	0.092732	0.76049	-0.15628	-1.1823	0.40668	0.99214	0.23708	0.61011	0.25209	1.9073	0.20236	0.94521	0.056484	0.26376
APPBP2	4	0.10022	0.82379	0.39096	0.92273	0.41006	0.89196	0.061155	0.49406	0.71709	0.99214	0.62126	0.88578	-0.04518	-0.365	0.79764	0.97602	0.71511	0.86479
APPL1	4	0.17956	1.659	0.15128	0.82946	0.097116	0.76049	-0.12161	-1.1039	0.49705	0.99214	0.26966	0.63715	-0.020038	-0.18189	0.90766	0.98144	0.85567	0.92865
AR	4	0.14981	1.1854	0.22397	0.84559	0.23586	0.82146	-0.037996	-0.29549	0.80943	0.99214	0.76762	0.95804	0.24927	1.9386	0.20432	0.94521	0.052555	0.25153
ARGFX	4	0.26178	1.7335	0.031434	0.51515	0.082999	0.76049	-0.15128	-0.98457	0.41454	0.99214	0.32484	0.7006	-0.28014	-1.8233	0.25737	0.94521	0.068265	0.30215
ARHGAP22	4	-0.21777	-1.8889	0.15717	0.82946	0.058911	0.71332	0.21209	1.8076	0.22397	0.99214	0.070672	0.35267	0.3135	2.672	0.15717	0.94521	0.0075406	0.066175
ARHGEF10	4	-0.17141	-1.7451	0.26916	0.89542	0.080966	0.76049	0.054472	0.54517	0.76228	0.99214	0.58564	0.86435	0.034667	0.34696	0.8723	0.98144	0.72863	0.86985
ARID2	4	0.044309	0.57071	0.70923	0.98133	0.56819	0.96083	-0.091098	-1.1532	0.58939	0.99214	0.24882	0.61011	-0.048873	-0.61868	0.78389	0.97602	0.53613	0.77305
ARID3A	4	-0.16611	-1.3785	0.27898	0.91613	0.16804	0.78469	-0.03902	-0.3183	0.80354	0.99214	0.75026	0.95487	-0.25271	-2.0614	0.29077	0.94521	0.039261	0.22454
ARID3B	4	0.10546	0.78149	0.37721	0.92273	0.43452	0.91016	0.21366	1.5561	0.22397	0.99214	0.11968	0.47024	0.19319	1.407	0.32024	0.94521	0.15943	0.46404
ARID4A	4	-0.015888	-0.12126	0.87426	0.98684	0.90348	0.99722	0.21762	1.6319	0.21022	0.99214	0.1027	0.43561	0.37236	2.7923	0.11984	0.94521	0.0052329	0.053271
ARID4B	4	0.16178	1.3147	0.18664	0.82946	0.18862	0.81482	-0.18875	-1.5075	0.36346	0.99214	0.13168	0.48518	0.060416	0.48254	0.73281	0.96923	0.62942	0.82999
ARID5A	4	-0.028181	-0.19599	0.81729	0.98684	0.84462	0.99722	0.046865	0.32034	0.778	0.99214	0.74871	0.95487	0.07838	0.53576	0.65029	0.94521	0.59213	0.79764
ARID5B	4	0.16091	1.309	0.18664	0.82946	0.19052	0.81482	-0.23667	-1.8919	0.26523	0.99214	0.058505	0.32926	-0.025998	-0.20783	0.88605	0.98144	0.83536	0.91954
ARL2	4	0.060255	0.72783	0.60707	0.96865	0.46671	0.91368	-0.012686	-0.15047	0.94695	0.99214	0.88039	0.98256	-0.11038	-1.3092	0.56189	0.94521	0.19047	0.49312
ARL4D	4	0.34885	1.9294	0.0039293	0.13333	0.053682	0.70903	-0.20277	-1.1022	0.32613	0.99214	0.27038	0.63715	0.027025	0.14689	0.90177	0.98144	0.88322	0.94059
ARNTL2	4	-0.087863	-0.83696	0.52849	0.95286	0.40262	0.89101	-0.12789	-1.1975	0.47937	0.99214	0.2311	0.60948	-0.032773	-0.30688	0.86051	0.98144	0.75893	0.8924
ARRB2	4	-0.058359	-0.60931	0.66601	0.98133	0.54232	0.94911	0.11246	1.154	0.48919	0.99214	0.24849	0.61011	-0.099392	-1.0198	0.60118	0.94521	0.30782	0.62422
ARX	4	0.0085041	0.089697	0.96267	0.99406	0.92853	0.99722	0.020006	0.20743	0.93124	0.99214	0.83568	0.96453	0.093083	0.96512	0.59725	0.94521	0.33449	0.64005
ASCC1	4	-0.16576	-1.475	0.27898	0.91613	0.14022	0.76907	0.024315	0.2127	0.89784	0.99214	0.83156	0.96453	0.065207	0.5704	0.70923	0.96011	0.5684	0.78833
ASCL1	4	-0.25815	-2.1419	0.10609	0.76	0.032201	0.67041	0.17725	1.4457	0.29273	0.99214	0.14826	0.52195	0.14898	1.2151	0.41454	0.94521	0.22433	0.53443
ASCL2	4	0.038423	0.3188	0.76621	0.98684	0.74988	0.99722	0.1138	0.92783	0.47937	0.99214	0.3535	0.73143	-0.046214	-0.37679	0.78978	0.97602	0.70633	0.86217
ASH2L	4	0.14727	0.76233	0.22593	0.84559	0.44586	0.91193	0.19532	0.99355	0.26326	0.99214	0.32044	0.69447	0.27295	1.3885	0.18271	0.94521	0.165	0.47449
ASNA1	4	0.0021924	0.021502	0.99214	0.99802	0.98285	0.99722	-0.034125	-0.32899	0.82908	0.99214	0.74217	0.95487	0.089859	0.86632	0.60314	0.94521	0.38631	0.67985
ASPA	4	-0.033607	-0.25541	0.79371	0.98684	0.79841	0.99722	0.13964	1.0427	0.38703	0.99214	0.29711	0.67272	0.11559	0.8631	0.50098	0.94521	0.38808	0.67985
ASPM	4	-0.065749	-0.47524	0.63851	0.98133	0.63462	0.98139	0.24168	1.717	0.16306	0.96552	0.085971	0.40146	0.13421	0.95347	0.4499	0.94521	0.34035	0.64401
ASRGL1	4	-0.046817	-0.45814	0.72102	0.98133	0.64685	0.98139	0.13908	1.3374	0.38703	0.99214	0.18109	0.55528	-0.12915	-1.2417	0.52259	0.94521	0.21433	0.52157
ASUN	4	-0.19865	-1.7251	0.19843	0.82946	0.084512	0.76049	0.14106	1.2044	0.38703	0.99214	0.22845	0.6088	0.10577	0.90306	0.54617	0.94521	0.3665	0.67103
ASZ1	4	0.08785	0.73032	0.45383	0.94286	0.4652	0.91368	0.1488	1.2157	0.36542	0.99214	0.2241	0.60034	0.11065	0.90402	0.52259	0.94521	0.36598	0.67103
ATF5	4	0.14331	1.2595	0.23772	0.86525	0.20786	0.81482	-0.073476	-0.63403	0.67191	0.99214	0.52606	0.83117	-0.085548	-0.73819	0.64833	0.94521	0.4604	0.72328
ATF7	4	-0.20964	-1.3934	0.17878	0.82946	0.1635	0.78469	0.39664	2.5915	0.021611	0.22	0.0095566	0.11055	0.13261	0.86641	0.45187	0.94521	0.38626	0.67985
ATF7IP	4	-0.045453	-0.39313	0.72888	0.98408	0.69422	0.98607	0.14698	1.2498	0.37525	0.99214	0.21138	0.59225	0.028194	0.23973	0.89784	0.98144	0.81054	0.90874
ATF7IP2	4	0.04031	0.2257	0.74853	0.9845	0.82144	0.99722	0.15433	0.84927	0.34774	0.99214	0.39573	0.74327	0.26464	1.4564	0.18861	0.94521	0.14529	0.45387
ATM	4	0.22581	1.1364	0.053045	0.58696	0.25577	0.83383	-1.0371	-5.1282	0	0	2.9256e-07	1.2722e-05	-1.4074	-6.9589	0	0	3.4292e-12	9.1867e-11
ATP1A3	4	0.1474	0.81876	0.22593	0.84559	0.41292	0.89437	-0.0021143	-0.011538	0.97642	0.99214	0.99079	0.99864	0.18104	0.98799	0.33399	0.94521	0.32316	0.62543
ATP1B4	4	0.03405	0.30766	0.80157	0.98684	0.75834	0.99722	0.079848	0.70908	0.64833	0.99214	0.47828	0.8008	0.20319	1.8044	0.29862	0.94521	0.071171	0.30962
ATP2A3	4	0.067774	0.64497	0.55599	0.95286	0.51895	0.93876	-0.012691	-0.11869	0.94695	0.99214	0.90552	0.98655	-0.042308	-0.39568	0.81925	0.97887	0.69234	0.85949
ATP6V0A1	4	-0.087605	-0.69628	0.53045	0.95286	0.48625	0.93046	0.30123	2.3532	0.072692	0.56061	0.018612	0.18595	0.23365	1.8253	0.24361	0.94521	0.067955	0.30215
ATR	4	0.32568	1.6034	0.0058939	0.17647	0.10885	0.76907	-1.0305	-4.9812	0	0	6.3177e-07	1.9654e-05	-1.4116	-6.823	0	0	8.9159e-12	2.1611e-10
ATRAID	4	0.0016973	0.014042	0.98625	0.99406	0.9888	0.99722	-0.094474	-0.76819	0.57367	0.99214	0.44238	0.77378	-0.01838	-0.14945	0.91356	0.98144	0.8812	0.94059
ATRIP	4	0.047385	0.20639	0.68173	0.98133	0.83648	0.99722	-1.1965	-5.1235	0	0	2.9992e-07	1.2722e-05	-1.8445	-7.8976	0	0	2.8436e-15	1.1134e-13
ATRX	4	-0.022196	-0.18869	0.85462	0.98684	0.85033	0.99722	-0.17824	-1.4897	0.37132	0.99214	0.13631	0.48518	-0.20014	-1.6727	0.39489	0.94521	0.094383	0.38014
ATXN1L	4	0.26154	1.8687	0.031434	0.51515	0.061663	0.71332	-0.12514	-0.87884	0.48723	0.99214	0.37949	0.7359	-0.149	-1.0464	0.48134	0.94521	0.29538	0.61375
ATXN2	4	0.29298	1.5467	0.017682	0.47368	0.12194	0.76907	-0.029379	-0.15237	0.85658	0.99214	0.87889	0.98256	0.032432	0.16821	0.88016	0.98144	0.86642	0.93632
ATXN7	4	0.065373	0.60916	0.58939	0.95899	0.54242	0.94911	-0.012165	-0.1114	0.95088	0.99214	0.9113	0.98655	0.10963	1.0039	0.53045	0.94521	0.31542	0.62543
AUNIP	4	0.043227	0.40188	0.71906	0.98133	0.68777	0.98607	0.071056	0.64935	0.6778	0.99214	0.51611	0.82871	-0.012433	-0.11362	0.93517	0.98144	0.90954	0.94988
AURKA	4	-0.009954	-0.087232	0.91945	0.99406	0.93049	0.99722	0.026955	0.23221	0.88802	0.99214	0.81637	0.96453	0.024455	0.21068	0.91356	0.98144	0.83314	0.91954
AURKC	4	-0.057705	-0.48321	0.6778	0.98133	0.62895	0.98139	0.024893	0.2049	0.89784	0.99214	0.83765	0.96463	0.086747	0.71404	0.62868	0.94521	0.4752	0.72659
AVPI1	4	-0.14423	-1.0001	0.34971	0.92273	0.31726	0.86049	0.0046431	0.03165	0.99018	0.99214	0.97475	0.99218	0.085586	0.58341	0.63261	0.94521	0.55962	0.7847
AXIN2	4	-0.021128	-0.14763	0.86248	0.98684	0.88264	0.99722	0.2751	1.8892	0.11591	0.84211	0.058866	0.32926	0.15761	1.0824	0.3831	0.94521	0.27908	0.601
AXL	4	0.26465	1.5635	0.02947	0.51515	0.11793	0.76907	-0.11742	-0.68177	0.51081	0.99214	0.49538	0.81077	0.12225	0.70982	0.48527	0.94521	0.47782	0.72659
AZI1	4	-0.023975	-0.2051	0.84086	0.98684	0.8375	0.99722	0.25552	2.1479	0.13556	0.85185	0.031719	0.24097	0.13158	1.1061	0.45187	0.94521	0.26869	0.59942
B9D2	4	-0.078269	-0.85642	0.57564	0.95899	0.39176	0.88898	0.019361	0.20824	0.9332	0.99214	0.83504	0.96453	0.24755	2.6626	0.20825	0.94521	0.0077539	0.066894
BABAM1	4	-0.021046	-0.18288	0.86248	0.98684	0.85489	0.99722	-0.010309	-0.088054	0.95285	0.99214	0.92983	0.98655	-0.015391	-0.13147	0.92534	0.98144	0.8954	0.94182
BACH1	4	-0.051873	-0.48203	0.7053	0.98133	0.62978	0.98139	0.25762	2.3528	0.1336	0.85185	0.018632	0.18595	0.082189	0.75062	0.64244	0.94521	0.45288	0.72045
BACH2	4	-0.098018	-1.0568	0.49705	0.95286	0.29058	0.84315	-0.048276	-0.51039	0.76424	0.99214	0.60978	0.87926	0.022857	0.2417	0.92338	0.98144	0.80901	0.90874
BAIAP2	4	0.013901	0.14506	0.91749	0.99406	0.88466	0.99722	0.15085	1.5466	0.36149	0.99214	0.12196	0.47024	0.10199	1.0456	0.55403	0.94521	0.29575	0.61375
BAIAP2L1	4	0.014748	0.13013	0.91159	0.99406	0.89647	0.99722	0.11283	0.97864	0.48723	0.99214	0.32776	0.70096	0.12564	1.0897	0.47544	0.94521	0.27584	0.59991
BARD1	4	0.15354	0.66893	0.20825	0.82946	0.50354	0.93537	-1.1543	-4.9421	0	0	7.7269e-07	2.185e-05	-1.9555	-8.3717	0	0	5.6798e-17	3.2122e-15
BARHL1	4	-0.030366	-0.40333	0.80943	0.98684	0.68671	0.98607	-0.034968	-0.45652	0.82515	0.99214	0.64801	0.90367	-0.10561	-1.3788	0.57957	0.94521	0.16796	0.47761
BARHL2	4	0.11361	0.93591	0.34971	0.92273	0.34932	0.87589	-0.09229	-0.74709	0.58546	0.99214	0.45501	0.78243	-0.034848	-0.2821	0.85658	0.98144	0.77787	0.89972
BARX2	4	0.065871	0.64984	0.5835	0.95899	0.51579	0.93876	-0.11264	-1.0922	0.52456	0.99214	0.27476	0.64349	-0.30166	-2.9249	0.23379	0.94521	0.0034455	0.039858
BASP1	4	-0.16039	-1.5258	0.2947	0.92273	0.12706	0.76907	0.098286	0.91923	0.54617	0.99214	0.35797	0.73343	0.057371	0.53657	0.7387	0.96923	0.59157	0.79764
BATF	4	-0.0078633	-0.048299	0.94106	0.99406	0.96148	0.99722	0.33135	1.9999	0.049116	0.45455	0.045506	0.30081	0.32008	1.9319	0.15128	0.94521	0.05337	0.25153
BATF2	4	0.09891	0.9945	0.39686	0.92273	0.31998	0.86175	-0.18533	-1.8319	0.36739	0.99214	0.066968	0.34431	-0.079481	-0.78561	0.66798	0.94521	0.43209	0.70492
BATF3	4	-0.22088	-1.5024	0.15521	0.82946	0.13299	0.76907	0.01288	0.086132	0.96071	0.99214	0.93136	0.98655	-0.15187	-1.0156	0.47937	0.94521	0.30982	0.62543
BAX	4	0.16165	1.2544	0.18664	0.82946	0.20971	0.81482	-0.051578	-0.39326	0.75442	0.99214	0.69413	0.92977	-0.20891	-1.5928	0.37525	0.94521	0.1112	0.40214
BAZ1A	4	-0.002237	-0.018572	0.97446	0.99406	0.98518	0.99722	0.08484	0.69226	0.62279	0.99214	0.48877	0.81037	0.12188	0.9945	0.48527	0.94521	0.31998	0.62543
BBX	4	0.10634	0.75474	0.37525	0.92273	0.45041	0.91193	0.2219	1.5477	0.1945	0.99214	0.12168	0.47024	0.10123	0.7061	0.55403	0.94521	0.48013	0.72659
BCAS2	4	0.21593	1.4135	0.074656	0.68421	0.1575	0.77833	0.046807	0.30111	0.778	0.99214	0.76333	0.95804	0.023203	0.14927	0.92141	0.98144	0.88134	0.94059
BCAS3	4	0.020873	0.18053	0.88016	0.98684	0.85674	0.99722	0.0079859	0.067903	0.97839	0.99214	0.94586	0.98655	-0.099914	-0.84955	0.59921	0.94521	0.39557	0.6858
BCCIP	4	-0.17984	-1.4308	0.23969	0.86525	0.15248	0.77398	0.070791	0.5537	0.6778	0.99214	0.57979	0.86435	0.034711	0.27149	0.8723	0.98144	0.78601	0.89972
BCHE	4	0.15146	1.1062	0.222	0.84559	0.26863	0.83734	-0.035887	-0.25764	0.81729	0.99214	0.79669	0.96322	-0.077761	-0.55825	0.67191	0.94521	0.57667	0.79426
BCKDK	4	-0.22254	-1.3682	0.15521	0.82946	0.17124	0.79237	0.33345	2.0134	0.049116	0.45455	0.044068	0.29908	0.0040053	0.02418	0.99804	0.99804	0.98071	0.99182
BCL10	4	-0.11713	-0.88997	0.44401	0.94286	0.37348	0.88833	0.41489	3.0981	0.013752	0.14583	0.0019479	0.02916	0.41105	3.0694	0.096267	0.94231	0.0021451	0.027297
BCL11A	4	0.23565	1.4646	0.051081	0.58696	0.14303	0.76907	-0.077326	-0.47234	0.65422	0.99214	0.63668	0.90367	0.087115	0.53214	0.62868	0.94521	0.59463	0.79797
BCL2	4	-0.1171	-1.1633	0.44401	0.94286	0.24472	0.82146	0.012452	0.12156	0.96071	0.99214	0.90325	0.98655	0.02385	0.23283	0.91552	0.98144	0.81589	0.91272
BCL2L10	4	-0.059022	-0.50694	0.66601	0.98133	0.61219	0.9806	0.052008	0.43849	0.76817	0.99214	0.66103	0.90691	0.25667	2.1644	0.19253	0.94521	0.03043	0.18955
BCL6	4	0.10096	0.84476	0.389	0.92273	0.39825	0.89101	-0.24625	-2.025	0.24558	0.99214	0.042865	0.29484	-0.27816	-2.2874	0.25933	0.94521	0.022173	0.15048
BCL9L	4	0.13039	0.82519	0.28487	0.91772	0.40926	0.89196	0.060482	0.37596	0.72102	0.99214	0.70695	0.93732	0.21788	1.3544	0.26719	0.94521	0.17562	0.48581
BCLAF1	4	-0.18921	-1.5428	0.21022	0.82946	0.12288	0.76907	0.045396	0.3636	0.78782	0.99214	0.71615	0.93848	0.25923	2.0767	0.19253	0.94521	0.037827	0.22131
BCORL1	4	0.0060728	0.05306	0.97839	0.99406	0.95768	0.99722	0.025581	0.21969	0.89784	0.99214	0.82612	0.96453	0.02404	0.20645	0.91552	0.98144	0.83644	0.91954
BDH1	4	0.10404	0.67202	0.37917	0.92273	0.50157	0.93537	0.08939	0.56731	0.59332	0.99214	0.5705	0.86168	0.22671	1.4388	0.25344	0.94521	0.15019	0.45778
BDP1	4	0.022298	0.19572	0.87623	0.98684	0.84483	0.99722	-0.22794	-1.9661	0.28094	0.99214	0.049291	0.31758	-0.040864	-0.35248	0.82711	0.98144	0.72448	0.86885
BEX1	4	0.11966	1.2342	0.32613	0.92273	0.21713	0.82146	-0.18163	-1.8412	0.36739	0.99214	0.065586	0.34416	-0.069058	-0.70005	0.70923	0.96011	0.4839	0.72659
BEX2	4	0.062633	0.57861	0.59725	0.95899	0.56286	0.96083	-0.091393	-0.82982	0.58939	0.99214	0.40664	0.74651	-0.011269	-0.10233	0.9391	0.98354	0.9185	0.95411
BHLHE40	4	0.28833	1.9681	0.021611	0.47826	0.049055	0.70903	-0.093561	-0.62692	0.5776	0.99214	0.53071	0.83117	-0.10706	-0.71735	0.57564	0.94521	0.47316	0.72659
BHLHE41	4	-0.22643	-2.422	0.15128	0.82946	0.015436	0.41352	0.1496	1.5728	0.36542	0.99214	0.11577	0.46769	0.33148	3.4849	0.14145	0.94521	0.00049234	0.0069611
BIN1	4	-0.040831	-0.22883	0.74853	0.9845	0.819	0.99722	0.30591	1.6835	0.062868	0.50794	0.09227	0.41563	0.45514	2.5048	0.084479	0.87755	0.012251	0.094482
BIN3	4	0.030971	0.28214	0.83104	0.98684	0.77783	0.99722	-0.098168	-0.8791	0.55992	0.99214	0.37935	0.7359	-0.034237	-0.3066	0.85855	0.98144	0.75915	0.8924
BIRC2	4	-0.031836	-0.26409	0.79961	0.98684	0.79171	0.99722	-0.028378	-0.23135	0.86051	0.99214	0.81704	0.96453	0.10937	0.89161	0.53242	0.94521	0.3726	0.67733
BIRC3	4	0.0034672	0.036423	0.99804	0.99804	0.97095	0.99722	-0.28689	-2.9617	0.18271	0.99214	0.0030594	0.042087	-0.25258	-2.6075	0.29077	0.94521	0.0091205	0.076104
BIVM	4	0.070774	0.63136	0.5501	0.95286	0.5278	0.94255	-0.12403	-1.0874	0.48919	0.99214	0.27687	0.64349	-0.2648	-2.3216	0.27898	0.94521	0.020256	0.14724
BLK	4	-0.006079	-0.057675	0.95285	0.99406	0.95401	0.99722	-0.12525	-1.1677	0.48723	0.99214	0.24293	0.61011	-0.15083	-1.4061	0.48134	0.94521	0.15968	0.46404
BLM	4	0.069627	0.32542	0.55403	0.95286	0.74486	0.99722	-1.016	-4.6677	0	0	3.0461e-06	7.3185e-05	-1.4837	-6.8159	0	0	9.3685e-12	2.1675e-10
BLVRB	4	0.11064	1.0922	0.36149	0.92273	0.27473	0.83734	-0.090902	-0.88209	0.59332	0.99214	0.37773	0.7359	0.020176	0.19578	0.92927	0.98144	0.84478	0.92434
BLZF1	4	0.13538	1.4621	0.2613	0.89262	0.14372	0.76907	-0.20064	-2.13	0.32809	0.99214	0.033172	0.2483	-0.037103	-0.3939	0.8389	0.98144	0.69366	0.85949
BMPR1A	4	-0.13798	-0.96151	0.36542	0.92273	0.33629	0.86298	0.30123	2.0634	0.072692	0.56061	0.039078	0.27824	0.31579	2.1631	0.15521	0.94521	0.030536	0.18955
BNC1	4	0.051975	0.37153	0.65619	0.98133	0.71024	0.98607	0.19236	1.3515	0.26523	0.99214	0.17652	0.55459	0.18256	1.2827	0.33202	0.94521	0.19959	0.50044
BNIP1	4	-0.057985	-0.4806	0.67583	0.98133	0.6308	0.98139	-0.0050608	-0.041226	0.97053	0.99214	0.96712	0.99201	0.033016	0.26895	0.88016	0.98144	0.78797	0.89972
BNIP2	4	-0.0048822	-0.041787	0.95678	0.99406	0.96667	0.99722	-0.051142	-0.4303	0.75639	0.99214	0.66698	0.91017	-0.17253	-1.4516	0.44008	0.94521	0.14662	0.45387
BOK	4	-0.0045896	-0.045472	0.96267	0.99406	0.96373	0.99722	0.17782	1.731	0.29273	0.99214	0.083444	0.39327	0.037877	0.36872	0.85265	0.98144	0.71233	0.86479
BOP1	4	0.1483	1.129	0.22397	0.84559	0.25892	0.83411	0.02162	0.16172	0.91945	0.99214	0.87152	0.98256	-0.14317	-1.0709	0.49705	0.94521	0.2842	0.60356
BORA	4	-0.076266	-0.74432	0.58939	0.95899	0.45668	0.91193	-0.010232	-0.098132	0.95285	0.99214	0.92183	0.98655	0.2064	1.9796	0.29077	0.94521	0.047743	0.24419
BRAP	4	-0.067481	-0.52432	0.63654	0.98133	0.60005	0.9806	0.1282	0.9793	0.42043	0.99214	0.32743	0.70096	0.10237	0.78195	0.55206	0.94521	0.43424	0.70616
BRCA1	4	0.024668	0.11117	0.8664	0.98684	0.91148	0.99722	-1.126	-4.9738	0	0	6.5641e-07	1.9654e-05	-1.5432	-6.8081	0	0	9.8906e-12	2.1888e-10
BRCA2	4	-0.04399	-0.18457	0.73674	0.98433	0.85356	0.99722	-1.3786	-5.6816	0	0	1.3344e-08	1.132e-06	-2.0808	-8.5688	0	0	1.0455e-17	8.8696e-16
BRCC3	4	0.066661	0.50088	0.57564	0.95899	0.61646	0.9806	0.022287	0.16464	0.91749	0.99214	0.86923	0.98256	0.011134	0.082251	0.96857	0.98814	0.93445	0.96088
BRD1	4	0.051101	0.456	0.66012	0.98133	0.64839	0.98139	-0.14701	-1.2896	0.42829	0.99214	0.19718	0.58014	-0.28171	-2.4712	0.25737	0.94521	0.013465	0.1023
BRD4	4	-0.0037159	-0.036128	0.96464	0.99406	0.97118	0.99722	0.21651	2.0678	0.21218	0.99214	0.03866	0.27824	0.019942	0.19045	0.93124	0.98144	0.84896	0.92434
BRD7	4	-0.006274	-0.052054	0.95285	0.99406	0.95849	0.99722	-3.358e-05	-0.00027376	0.98821	0.99214	0.99978	0.99978	0.043163	0.3519	0.81532	0.97887	0.72492	0.86885
BRD8	4	0.037337	0.38109	0.7721	0.98684	0.70314	0.98607	0.19471	1.9533	0.26326	0.99214	0.050784	0.32223	0.033305	0.3341	0.87819	0.98144	0.73831	0.87803
BRDT	4	-0.035311	-0.37324	0.78389	0.98684	0.70897	0.98607	0.099836	1.0375	0.54224	0.99214	0.2995	0.67454	-0.10254	-1.0656	0.58743	0.94521	0.2866	0.60532
BRF1	4	0.034412	0.3807	0.79961	0.98684	0.70343	0.98607	-0.2852	-3.1016	0.18664	0.99214	0.0019249	0.02916	-0.10039	-1.0917	0.59921	0.94521	0.27494	0.59991
BRF2	4	-0.1283	-1.1624	0.39882	0.92273	0.24507	0.82146	-0.0086301	-0.076866	0.95481	0.99214	0.93873	0.98655	0.11718	1.0437	0.50098	0.94521	0.29663	0.61375
BRIP1	4	0.022326	0.10866	0.87623	0.98684	0.91347	0.99722	-1.0427	-4.9889	0	0	6.0717e-07	1.9654e-05	-1.6695	-7.9865	0	0	1.3878e-15	6.4217e-14
BRIX1	4	0.055401	0.44074	0.64047	0.98133	0.6594	0.98139	0.0094035	0.073509	0.96857	0.99214	0.9414	0.98655	0.16821	1.315	0.3556	0.94521	0.18852	0.49312
BRMS1L	4	-0.10485	-1.2108	0.47937	0.95286	0.22599	0.82146	0.073696	0.83657	0.66798	0.99214	0.40284	0.74651	0.13205	1.499	0.45187	0.94521	0.13388	0.43166
BRPF3	4	-0.15159	-1.2033	0.32024	0.92273	0.22885	0.82146	0.17933	1.3994	0.2888	0.99214	0.16168	0.54383	0.097579	0.76149	0.5776	0.94521	0.44636	0.71672
BRSK1	4	0.029332	0.21363	0.8389	0.98684	0.83083	0.99722	0.1609	1.152	0.34185	0.99214	0.24932	0.61011	-0.11563	-0.82788	0.54617	0.94521	0.40774	0.69119
BRWD1	4	0.072575	0.88177	0.54224	0.95286	0.3779	0.88898	-0.099394	-1.1871	0.55992	0.99214	0.23518	0.61011	0.014874	0.17765	0.95088	0.98377	0.859	0.93028
BSPRY	4	-0.054221	-0.46595	0.69352	0.98133	0.64125	0.98139	-0.072642	-0.61339	0.67583	0.99214	0.53962	0.83567	0.08085	0.68274	0.64637	0.94521	0.49477	0.73637
BTBD8	4	-0.15283	-1.5845	0.31631	0.92273	0.11309	0.76907	0.052701	0.53714	0.76621	0.99214	0.59117	0.86467	0.24793	2.527	0.20629	0.94521	0.011506	0.091044
BTD	4	0.22096	1.69	0.068762	0.68421	0.091032	0.76049	-0.40461	-3.0399	0.074656	0.56716	0.0023669	0.033465	-0.34596	-2.5992	0.1945	0.94521	0.0093428	0.076701
BTK	4	0.26227	1.5092	0.031434	0.51515	0.13124	0.76907	-0.012243	-0.06921	0.95088	0.99214	0.94482	0.98655	0.14109	0.7976	0.42829	0.94521	0.4251	0.69891
BUD31	4	-0.12439	-1.2369	0.41847	0.93833	0.21611	0.82146	0.26397	2.5794	0.12574	0.84211	0.0098959	0.11193	0.13768	1.3453	0.44204	0.94521	0.17852	0.48776
BYSL	4	0.19599	1.5084	0.10413	0.76	0.13146	0.76907	0.018078	0.13658	0.9332	0.99214	0.89136	0.98603	-0.010295	-0.07778	0.94303	0.98361	0.938	0.96259
C10orf107	4	-0.084962	-0.9359	0.5442	0.95286	0.34932	0.87589	-0.038168	-0.41323	0.80747	0.99214	0.67944	0.91733	0.085099	0.92136	0.63261	0.94521	0.35686	0.66536
C10orf11	4	0.0877	0.86571	0.45383	0.94286	0.38665	0.88898	-0.16068	-1.559	0.40079	0.99214	0.119	0.47024	-0.18861	-1.83	0.4165	0.94521	0.067247	0.30215
C10orf12	4	-0.25622	-3.1114	0.10609	0.76	0.001862	0.067697	0.10862	1.2964	0.51277	0.99214	0.19484	0.5766	0.31418	3.7498	0.15717	0.94521	0.00017696	0.0026492
C10orf128	4	0.20395	1.8437	0.088409	0.74194	0.065223	0.73252	-0.26586	-2.3599	0.21611	0.99214	0.018279	0.18595	-0.076277	-0.67718	0.6778	0.94521	0.49829	0.73945
C10orf137	4	-0.18968	-1.4825	0.21022	0.82946	0.13821	0.76907	0.17482	1.3426	0.29273	0.99214	0.17941	0.55459	0.18745	1.4396	0.33006	0.94521	0.14999	0.45778
C10orf32	4	0.16429	1.0556	0.18075	0.82946	0.29115	0.84315	0.14085	0.8889	0.38703	0.99214	0.37406	0.7359	0.062006	0.39131	0.72888	0.96923	0.69557	0.85949
C10orf67	4	0.28656	1.9242	0.021611	0.47826	0.054327	0.70903	-0.22725	-1.4997	0.28291	0.99214	0.13368	0.48518	-0.24347	-1.6068	0.30452	0.94521	0.10809	0.40159
C11orf21	4	0.0002488	0.0023506	0.98232	0.99406	0.99812	0.99812	0.10352	0.9615	0.52456	0.99214	0.3363	0.70734	-0.094085	-0.87385	0.62672	0.94521	0.3822	0.67974
C11orf35	4	0.24199	1.8692	0.045187	0.58696	0.06159	0.71332	-0.25697	-1.9491	0.23576	0.99214	0.051278	0.32223	0.029028	0.2202	0.89194	0.98144	0.82572	0.91368
C11orf42	4	0.14647	1.0547	0.22593	0.84559	0.29154	0.84315	-0.031394	-0.22208	0.84086	0.99214	0.82425	0.96453	-0.11374	-0.80457	0.54617	0.94521	0.42107	0.69586
C11orf48	4	-0.0007618	-0.007234	0.97839	0.99406	0.99423	0.99812	0.055089	0.51433	0.75049	0.99214	0.60702	0.87792	-0.1243	-1.1605	0.52652	0.94521	0.24585	0.56624
C11orf52	4	0.20307	1.4699	0.090373	0.74194	0.1416	0.76907	-0.076822	-0.54657	0.65619	0.99214	0.58468	0.86435	-0.18303	-1.3022	0.4224	0.94521	0.19283	0.49322
C11orf57	4	0.030541	0.29444	0.83104	0.98684	0.76842	0.99722	-0.084053	-0.79636	0.63654	0.99214	0.42583	0.76051	0.075019	0.71079	0.66405	0.94521	0.47721	0.72659
C11orf65	4	-0.083204	-0.46105	0.55403	0.95286	0.64476	0.98139	0.34229	1.862	0.045187	0.45098	0.062598	0.33624	0.1518	0.82573	0.40275	0.94521	0.40896	0.69119
C11orf71	4	0.22468	1.5352	0.056974	0.61702	0.12473	0.76907	0.021411	0.14373	0.92338	0.99214	0.88572	0.98256	0.051468	0.3455	0.76228	0.97487	0.72972	0.86985
C11orf80	4	0.11388	1.1201	0.34774	0.92273	0.26266	0.83557	-0.10024	-0.96833	0.55796	0.99214	0.33288	0.70424	-0.2206	-2.1309	0.35363	0.94521	0.033101	0.19591
C11orf85	4	0.26709	2.0471	0.02947	0.51515	0.040651	0.70632	-0.18584	-1.3999	0.36739	0.99214	0.16154	0.54383	-0.30202	-2.2751	0.23379	0.94521	0.022902	0.15339
C11orf88	4	-0.10169	-0.9217	0.48919	0.95286	0.35669	0.88807	0.24886	2.2169	0.14931	0.91566	0.026631	0.22975	0.0936	0.83379	0.59528	0.94521	0.4044	0.69119
C11orf95	4	-0.055425	-0.51823	0.68566	0.98133	0.6043	0.9806	0.058889	0.54109	0.72888	0.99214	0.58844	0.86457	0.028212	0.25922	0.89784	0.98144	0.79546	0.89976
C11orf96	4	-0.034622	-0.33361	0.78782	0.98684	0.73867	0.99722	0.029183	0.27631	0.88016	0.99214	0.78231	0.96182	0.10435	0.98803	0.54617	0.94521	0.32314	0.62543
C12orf43	4	-0.1015	-0.99894	0.48919	0.95286	0.31782	0.86049	0.024154	0.23354	0.8998	0.99214	0.81535	0.96453	-0.14824	-1.4331	0.48134	0.94521	0.15183	0.45998
C12orf54	4	-0.055491	-0.46098	0.68566	0.98133	0.64481	0.98139	0.0039632	0.032356	0.99214	0.99214	0.97419	0.99218	-0.019651	-0.16043	0.90963	0.98144	0.87254	0.93895
C12orf57	4	0.029905	0.23722	0.8389	0.98684	0.81248	0.99722	0.10736	0.83684	0.51473	0.99214	0.40268	0.74651	0.11273	0.87867	0.51473	0.94521	0.37958	0.67802
C12orf60	4	-0.016335	-0.11695	0.87426	0.98684	0.9069	0.99722	0.10835	0.76255	0.51277	0.99214	0.44573	0.77433	0.00015383	0.0010826	0.98232	0.98814	0.99914	0.99964
C12orf75	4	-0.053651	-0.52746	0.69548	0.98133	0.59788	0.9806	-0.0838	-0.80979	0.63654	0.99214	0.41806	0.75263	-0.028841	-0.2787	0.87426	0.98144	0.78047	0.89972
C12orf76	4	0.055277	0.5571	0.64244	0.98133	0.57746	0.96686	-0.12319	-1.2207	0.49116	0.99214	0.22221	0.60034	-0.14219	-1.4089	0.49705	0.94521	0.15886	0.46404
C13orf45	4	-0.055548	-0.45893	0.68566	0.98133	0.64629	0.98139	0.018563	0.15069	0.9332	0.99214	0.88022	0.98256	-0.19643	-1.5943	0.39882	0.94521	0.11088	0.40214
C14orf1	4	0.10844	0.98297	0.36935	0.92273	0.32562	0.86298	0.04145	0.36925	0.79961	0.99214	0.71194	0.93848	0.12894	1.1487	0.46562	0.94521	0.25069	0.57219
C14orf132	4	0.15943	1.2685	0.19253	0.82946	0.2046	0.81482	0.0080942	0.063278	0.97839	0.99214	0.94954	0.98655	0.028716	0.22449	0.89391	0.98144	0.82237	0.91368
C14orf166B	4	0.16239	1.1343	0.18468	0.82946	0.25665	0.83383	-0.16331	-1.121	0.39489	0.99214	0.26229	0.62975	-0.22682	-1.5569	0.33988	0.94521	0.1195	0.42097
C14orf169	4	0.086621	0.78386	0.46562	0.948	0.43312	0.91016	-0.10037	-0.89302	0.55796	0.99214	0.37185	0.7359	-0.11515	-1.0245	0.54617	0.94521	0.3056	0.6222
C14orf180	4	-0.038462	-0.32047	0.76424	0.98684	0.74861	0.99722	0.15432	1.2636	0.34774	0.99214	0.20639	0.59157	0.1517	1.2421	0.40275	0.94521	0.2142	0.52157
C14orf80	4	-0.28947	-2.559	0.082515	0.72414	0.010498	0.33396	0.32309	2.8081	0.053045	0.46552	0.004983	0.064262	0.32758	2.8471	0.14538	0.94521	0.0044115	0.048209
C15orf38	4	-0.12073	-1.1977	0.43026	0.94286	0.23104	0.82146	0.28749	2.8038	0.10216	0.75362	0.0050501	0.064262	0.15055	1.4683	0.40864	0.94521	0.14202	0.4518
C15orf40	4	0.097887	0.95785	0.39686	0.92273	0.33814	0.86298	0.03612	0.34737	0.85069	0.99214	0.72831	0.94569	-0.31553	-3.0343	0.222	0.94521	0.0024107	0.029339
C15orf43	4	0.043867	0.42825	0.71709	0.98133	0.66847	0.98607	-0.043333	-0.4159	0.778	0.99214	0.67748	0.91712	-0.051214	-0.49155	0.778	0.97602	0.62304	0.82371
C15orf56	4	-0.023641	-0.2077	0.84479	0.98684	0.83546	0.99722	0.050834	0.43898	0.76817	0.99214	0.66068	0.90691	-0.17966	-1.5514	0.42436	0.94521	0.12081	0.42097
C15orf60	4	0.13408	0.89343	0.26916	0.89542	0.37163	0.88807	0.052119	0.34136	0.76817	0.99214	0.73284	0.94747	0.043135	0.28252	0.81729	0.97887	0.77755	0.89972
C16orf52	4	0.10123	0.86731	0.389	0.92273	0.38577	0.88898	0.040438	0.3406	0.80943	0.99214	0.7334	0.94747	-0.019515	-0.16437	0.90963	0.98144	0.86944	0.93759
C16orf55	4	0.22147	1.7782	0.068762	0.68421	0.075371	0.75388	-0.023018	-0.18155	0.88016	0.99214	0.85593	0.98124	-0.16675	-1.3152	0.44794	0.94521	0.18844	0.49312
C16orf58	4	0.020355	0.16122	0.88212	0.98684	0.87192	0.99722	-0.32942	-2.564	0.14342	0.89024	0.010347	0.1145	-0.14074	-1.0955	0.49902	0.94521	0.27328	0.59991
C16orf59	4	-0.042432	-0.3038	0.74067	0.98433	0.76128	0.99722	-0.039816	-0.28018	0.79568	0.99214	0.77934	0.96049	-0.0465	-0.32722	0.78978	0.97602	0.7435	0.88215
C16orf71	4	-0.22818	-2.1464	0.14538	0.82946	0.031841	0.67041	0.16159	1.4943	0.33988	0.99214	0.1351	0.48518	0.24855	2.2985	0.20432	0.94521	0.021534	0.14816
C16orf86	4	-0.17159	-1.3849	0.26916	0.89542	0.16607	0.78469	0.097146	0.77069	0.55206	0.99214	0.44089	0.77378	0.19844	1.5744	0.30648	0.94521	0.1154	0.41077
C16orf93	4	-0.1248	-1.0856	0.41454	0.93363	0.27764	0.84119	-0.22451	-1.9174	0.28684	0.99214	0.055191	0.32926	-0.0020128	-0.017195	0.97839	0.98814	0.98628	0.99409
C16orf96	4	-0.025769	-0.17994	0.83104	0.98684	0.8572	0.99722	0.27178	1.8649	0.12181	0.84211	0.0622	0.33624	0.28729	1.9713	0.16896	0.94521	0.04869	0.24419
C16orf97	4	-0.058632	-0.59719	0.66601	0.98133	0.55038	0.95287	0.12547	1.2565	0.42633	0.99214	0.20895	0.59157	0.029157	0.29197	0.89194	0.98144	0.77031	0.89929
C17orf104	4	0.028869	0.23481	0.84086	0.98684	0.81435	0.99722	-0.083551	-0.66786	0.63654	0.99214	0.50422	0.81657	-0.12267	-0.98058	0.52849	0.94521	0.3268	0.6277
C17orf107	4	-0.22931	-2.0883	0.14538	0.82946	0.036773	0.69504	0.12701	1.1372	0.4224	0.99214	0.25544	0.61915	0.13813	1.2368	0.44008	0.94521	0.21615	0.52157
C17orf49	4	0.24252	1.3418	0.045187	0.58696	0.17967	0.8022	0.030154	0.16395	0.87819	0.99214	0.86977	0.98256	0.057148	0.31073	0.74067	0.96923	0.75601	0.8924
C17orf62	4	-0.035614	-0.25748	0.78389	0.98684	0.79681	0.99722	0.31439	2.2339	0.058939	0.4918	0.025487	0.22367	0.2323	1.6506	0.24558	0.94521	0.098811	0.38393
C17orf64	4	0.056009	0.5118	0.63458	0.98133	0.60879	0.9806	0.12054	1.0823	0.4558	0.99214	0.27913	0.6458	0.015858	0.14238	0.94695	0.98377	0.88678	0.94182
C17orf67	4	-0.019967	-0.12181	0.87033	0.98684	0.90305	0.99722	0.23182	1.39	0.17682	0.99214	0.16454	0.54383	0.39383	2.3614	0.10609	0.94521	0.018205	0.1343
C17orf72	4	0.097401	0.86114	0.39882	0.92273	0.38916	0.88898	-0.25275	-2.1964	0.23969	0.99214	0.02806	0.23346	-0.21199	-1.8422	0.36739	0.94521	0.06544	0.30008
C17orf74	4	0.056212	0.44311	0.63458	0.98133	0.65768	0.98139	0.15708	1.2159	0.34185	0.99214	0.22403	0.60034	-0.028776	-0.22273	0.87426	0.98144	0.82375	0.91368
C17orf80	4	0.050324	0.43626	0.66405	0.98133	0.66265	0.98334	-0.10768	-0.91768	0.53831	0.99214	0.35879	0.73343	-0.055124	-0.46981	0.76031	0.97487	0.63849	0.8347
C17orf82	4	-0.0063653	-0.060995	0.95088	0.99406	0.95136	0.99722	0.015388	0.14496	0.95088	0.99214	0.88474	0.98256	0.0088458	0.083332	0.97839	0.98814	0.93359	0.96088
C17orf85	4	-0.12971	-1.257	0.39489	0.92273	0.20877	0.81482	0.031952	0.30439	0.8723	0.99214	0.76083	0.95804	0.042566	0.40552	0.81925	0.97887	0.6851	0.85949
C18orf21	4	0.27075	1.7052	0.02947	0.51515	0.088151	0.76049	-0.11687	-0.72338	0.51473	0.99214	0.46945	0.79385	-0.095472	-0.59095	0.611	0.94521	0.55456	0.78191
C18orf25	4	-0.11582	-1.0723	0.44597	0.94286	0.28356	0.84315	-0.068939	-0.6275	0.68959	0.99214	0.53033	0.83117	-0.059246	-0.53927	0.74263	0.96923	0.5897	0.79764
C18orf54	4	0.098716	0.62579	0.39686	0.92273	0.53146	0.94255	0.08776	0.54663	0.60904	0.99214	0.58463	0.86435	0.24464	1.5238	0.21611	0.94521	0.12755	0.43166
C19orf10	4	-0.057289	-0.55791	0.67976	0.98133	0.57691	0.96686	0.031206	0.29868	0.87623	0.99214	0.76518	0.95804	0.027567	0.26385	0.8998	0.98144	0.7919	0.89972
C19orf24	4	0.16494	1.1721	0.17878	0.82946	0.24115	0.82146	0.016472	0.11505	0.94695	0.99214	0.90841	0.98655	-6.5459e-05	-0.00045721	0.98232	0.98814	0.99964	0.99964
C19orf25	4	0.067051	0.49158	0.57564	0.95899	0.62302	0.98139	-0.1512	-1.0894	0.41454	0.99214	0.27598	0.64349	0.092704	0.66794	0.60118	0.94521	0.50417	0.74383
C19orf33	4	0.081186	0.57503	0.50295	0.95286	0.56527	0.96083	0.05058	0.35195	0.77014	0.99214	0.72487	0.94363	0.26321	1.8316	0.19057	0.94521	0.067013	0.30215
C19orf35	4	-0.030129	-0.33065	0.80943	0.98684	0.74091	0.99722	-0.092672	-0.99941	0.58153	0.99214	0.3176	0.69447	-0.06534	-0.70465	0.72495	0.96923	0.48103	0.72659
C19orf38	4	0.0063185	0.048371	0.97446	0.99406	0.96142	0.99722	-0.23255	-1.75	0.27505	0.99214	0.080123	0.38326	-0.25702	-1.9342	0.29077	0.94521	0.053093	0.25153
C19orf40	4	0.12949	0.91331	0.28684	0.91824	0.36108	0.88807	-0.014394	-0.099767	0.93517	0.99214	0.92053	0.98655	0.18528	1.2842	0.33202	0.94521	0.19906	0.50044
C19orf45	4	0.11008	0.7408	0.36346	0.92273	0.45882	0.91193	0.24849	1.6431	0.15128	0.91667	0.10035	0.42924	-0.00087263	-0.0057702	0.98035	0.98814	0.9954	0.99932
C19orf55	4	0.28713	1.4272	0.021611	0.47826	0.15351	0.77398	0.048293	0.23531	0.77603	0.99214	0.81397	0.96453	0.27283	1.3295	0.18271	0.94521	0.1837	0.49312
C19orf59	4	-0.10488	-0.8249	0.47937	0.95286	0.40943	0.89196	-0.11387	-0.88018	0.51866	0.99214	0.37876	0.7359	-0.15999	-1.2367	0.46758	0.94521	0.21621	0.52157
C19orf70	4	-0.12575	-1.0931	0.41061	0.93304	0.27436	0.83734	0.18444	1.5755	0.27701	0.99214	0.11515	0.46769	0.22649	1.9347	0.25344	0.94521	0.053033	0.25153
C19orf80	4	0.14442	0.85557	0.23183	0.85507	0.39224	0.88898	-0.062451	-0.36345	0.7112	0.99214	0.71627	0.93848	0.067131	0.3907	0.70138	0.95968	0.69602	0.85949
C19orf81	4	-0.12267	-1.2006	0.42436	0.94286	0.22989	0.82146	-0.0059262	-0.057025	0.96464	0.99214	0.95453	0.98751	-0.03206	-0.30849	0.86248	0.98144	0.75771	0.8924
C1orf101	4	-0.39622	-3.1679	0.031434	0.51515	0.0015356	0.060123	-0.012037	-0.094604	0.95088	0.99214	0.92463	0.98655	0.17316	1.361	0.33988	0.94521	0.17351	0.48362
C1orf109	4	0.2519	1.8032	0.037328	0.55882	0.07136	0.75388	-0.15258	-1.0735	0.41257	0.99214	0.28305	0.65192	-0.15841	-1.1145	0.47151	0.94521	0.26506	0.59434
C1orf112	4	-0.014171	-0.14032	0.89194	0.98696	0.88841	0.99722	-0.23763	-2.3109	0.26523	0.99214	0.020839	0.19722	-0.18295	-1.7792	0.4224	0.94521	0.075213	0.32171
C1orf158	4	-0.14667	-1.5938	0.34185	0.92273	0.11099	0.76907	0.20462	2.1849	0.24165	0.99214	0.028896	0.23346	0.21026	2.2451	0.28684	0.94521	0.024761	0.16158
C1orf162	4	-0.025091	-0.22616	0.83694	0.98684	0.82107	0.99722	-0.22333	-1.9774	0.2888	0.99214	0.047997	0.31321	-0.22359	-1.9797	0.34971	0.94521	0.047738	0.24419
C1orf168	4	-0.2051	-1.7446	0.19057	0.82946	0.081055	0.76049	0.23121	1.9334	0.17682	0.99214	0.053184	0.32926	0.1128	0.94327	0.51473	0.94521	0.34554	0.65141
C1orf172	4	-0.0098234	-0.093667	0.92141	0.99406	0.92537	0.99722	-0.020357	-0.19084	0.90177	0.99214	0.84865	0.97508	-0.013753	-0.12893	0.93124	0.98144	0.89741	0.94182
C1orf173	4	-0.0081493	-0.080217	0.94106	0.99406	0.93606	0.99722	-0.14884	-1.4405	0.42633	0.99214	0.14972	0.52195	-0.18506	-1.7911	0.41847	0.94521	0.073281	0.3161
C1orf174	4	0.12167	0.85262	0.31434	0.92273	0.39387	0.88898	-0.072909	-0.50147	0.67387	0.99214	0.61604	0.88328	0.1565	1.0767	0.38507	0.94521	0.28159	0.60223
C1orf177	4	0.10278	0.98476	0.38703	0.92273	0.32474	0.86298	-0.24528	-2.3094	0.24951	0.99214	0.020923	0.19722	-0.24438	-2.3009	0.30452	0.94521	0.0214	0.14816
C1orf186	4	0.019294	0.20262	0.88409	0.98684	0.83944	0.99722	-0.16935	-1.7474	0.39096	0.99214	0.080567	0.38326	-0.1126	-1.1619	0.55796	0.94521	0.24527	0.56624
C1orf189	4	0.087208	0.75084	0.45972	0.94378	0.45275	0.91193	-0.054035	-0.45722	0.74067	0.99214	0.64752	0.90367	0.042841	0.36251	0.81729	0.97887	0.71697	0.86479
C1orf192	4	-0.066852	-0.65134	0.63654	0.98133	0.51483	0.93876	0.00048292	0.0046253	0.99018	0.99214	0.99631	0.99885	0.049354	0.4727	0.78193	0.97602	0.63643	0.8347
C1orf21	4	-0.20119	-1.7964	0.19843	0.82946	0.072435	0.75388	0.31477	2.7617	0.058939	0.4918	0.00575	0.071384	0.17646	1.5482	0.33792	0.94521	0.12158	0.42097
C1orf210	4	-0.10211	-0.80918	0.48919	0.95286	0.41841	0.89618	0.18277	1.424	0.27898	0.99214	0.15446	0.53121	0.12248	0.95423	0.48527	0.94521	0.33997	0.64401
C1orf216	4	0.0015137	0.015303	0.98625	0.99406	0.98779	0.99722	-0.087407	-0.86851	0.61886	0.99214	0.38511	0.73693	-0.043525	-0.43249	0.80943	0.97887	0.66538	0.84776
C1orf227	4	-0.040894	-0.38816	0.74853	0.9845	0.6979	0.98607	0.064072	0.59783	0.7053	0.99214	0.54995	0.84826	0.1606	1.4985	0.37721	0.94521	0.13399	0.43166
C1orf228	4	-0.28135	-1.6216	0.090373	0.74194	0.10488	0.76907	0.40397	2.2883	0.013752	0.14583	0.02212	0.19862	0.48384	2.7408	0.070727	0.75	0.0061291	0.058862
C1orf233	4	0.22627	1.2979	0.053045	0.58696	0.19432	0.81482	-0.015228	-0.085771	0.92927	0.99214	0.93165	0.98655	0.10714	0.60352	0.53831	0.94521	0.54616	0.7787
C1orf50	4	-0.0063819	-0.058744	0.95088	0.99406	0.95316	0.99722	-0.041279	-0.37352	0.79175	0.99214	0.70876	0.93732	0.076906	0.69591	0.65619	0.94521	0.48648	0.7283
C1orf51	4	-0.0035902	-0.031947	0.96464	0.99406	0.97451	0.99722	0.15384	1.3453	0.34774	0.99214	0.17853	0.55459	-0.013209	-0.11551	0.93124	0.98144	0.90804	0.94988
C1orf52	4	-0.006338	-0.044264	0.95088	0.99406	0.96469	0.99722	0.011102	0.076215	0.96071	0.99214	0.93925	0.98655	0.10035	0.68891	0.55796	0.94521	0.49088	0.73272
C1orf56	4	-0.097526	-1.0268	0.49902	0.95286	0.30449	0.84968	-0.13434	-1.3908	0.46365	0.99214	0.16429	0.54383	-0.060318	-0.62445	0.74263	0.96923	0.53233	0.77305
C1orf61	4	0.057404	0.39027	0.62868	0.98133	0.69634	0.98607	0.11937	0.79761	0.46169	0.99214	0.4251	0.76051	0.17683	1.1816	0.33792	0.94521	0.23736	0.5567
C1orf63	4	0.16484	1.5768	0.17878	0.82946	0.11483	0.76907	-0.24334	-2.287	0.25344	0.99214	0.022198	0.19862	-0.30031	-2.8223	0.23969	0.94521	0.0047684	0.049533
C1orf74	4	0.059459	0.44532	0.61493	0.97813	0.65609	0.98139	0.21495	1.5816	0.21611	0.99214	0.11374	0.4669	-0.084371	-0.62077	0.65029	0.94521	0.53475	0.77305
C1orf85	4	0.25606	1.6604	0.033399	0.51515	0.096838	0.76049	-0.0010112	-0.006441	0.97839	0.99214	0.99486	0.99885	-0.19788	-1.2604	0.39882	0.94521	0.20753	0.51495
C1orf94	4	-0.017261	-0.14557	0.87426	0.98684	0.88426	0.99722	-0.0030923	-0.025631	0.97446	0.99214	0.97955	0.99218	0.17771	1.473	0.33792	0.94521	0.14075	0.45058
C1orf95	4	0.14425	1.2973	0.23183	0.85507	0.19452	0.81482	-0.047232	-0.4175	0.76817	0.99214	0.67631	0.91712	-0.16975	-1.5004	0.44204	0.94521	0.13351	0.43166
C20orf112	4	-0.19745	-1.4518	0.20039	0.82946	0.14656	0.76907	0.32321	2.3351	0.053045	0.46552	0.019539	0.19126	0.19739	1.426	0.30845	0.94521	0.15386	0.45998
C20orf194	4	-0.059414	-0.54394	0.66601	0.98133	0.58649	0.97238	-0.027545	-0.24795	0.86444	0.99214	0.80417	0.96453	-0.030261	-0.2724	0.87426	0.98144	0.78532	0.89972
C20orf78	4	-0.13259	-1.3143	0.389	0.92273	0.18876	0.81482	0.17554	1.7106	0.29273	0.99214	0.087157	0.4033	0.16622	1.6198	0.36346	0.94521	0.10528	0.40159
C20orf96	4	0.10254	0.95597	0.389	0.92273	0.33909	0.86298	-0.06141	-0.56282	0.71513	0.99214	0.57356	0.86373	-0.041754	-0.38268	0.81925	0.97887	0.70196	0.85949
C21orf2	4	-0.12856	-1.1035	0.39882	0.92273	0.2698	0.83734	-0.079487	-0.67061	0.6444	0.99214	0.50247	0.81657	-0.23001	-1.9405	0.32809	0.94521	0.052323	0.25153
C21orf58	4	0.19664	1.062	0.10413	0.76	0.28826	0.84315	0.070491	0.37388	0.6778	0.99214	0.70849	0.93732	0.20374	1.0807	0.29273	0.94521	0.27984	0.601
C21orf59	4	0.096455	0.90359	0.40275	0.9276	0.36622	0.88807	-0.14089	-1.2971	0.44401	0.99214	0.19461	0.5766	-0.17462	-1.6076	0.43811	0.94521	0.10793	0.40159
C21orf91	4	-0.04286	-0.33971	0.74067	0.98433	0.73408	0.99722	-0.12894	-1.0047	0.47741	0.99214	0.31502	0.69447	0.049833	0.38831	0.77407	0.97602	0.69778	0.85949
C22orf15	4	0.28176	2.4473	0.021611	0.47826	0.014394	0.40928	-0.19489	-1.6623	0.34578	0.99214	0.096446	0.42817	-0.12023	-1.0255	0.53635	0.94521	0.30511	0.6222
C22orf23	4	-0.03514	-0.36794	0.78389	0.98684	0.71292	0.98607	0.01529	0.15736	0.95285	0.99214	0.87496	0.98256	0.0054312	0.055897	0.99411	0.99606	0.95542	0.97457
C22orf26	4	0.15634	1.5274	0.19646	0.82946	0.12667	0.76907	-0.17296	-1.6609	0.38507	0.99214	0.096737	0.42817	-0.37455	-3.5967	0.15914	0.94521	0.00032234	0.0046877
C22orf31	4	-0.15951	-1.3878	0.29666	0.92273	0.16521	0.78469	0.13184	1.1277	0.41061	0.99214	0.25944	0.62586	0.049361	0.4222	0.78193	0.97602	0.67288	0.84776
C22orf43	4	-0.050622	-0.44366	0.70727	0.98133	0.65729	0.98139	-0.1378	-1.1873	0.45383	0.99214	0.23511	0.61011	-0.36405	-3.1366	0.17682	0.94521	0.0017091	0.022306
C2CD2	4	-0.087591	-0.85335	0.53045	0.95286	0.39346	0.88898	0.21519	2.0604	0.21611	0.99214	0.039358	0.27824	0.21284	2.0379	0.28291	0.94521	0.041559	0.23081
C2CD4B	4	0.2171	1.427	0.072692	0.68421	0.15358	0.77398	-0.049217	-0.31793	0.75835	0.99214	0.75054	0.95487	-0.086186	-0.55675	0.6444	0.94521	0.5777	0.79426
C2orf15	4	0.035412	0.23068	0.79568	0.98684	0.81757	0.99722	0.19939	1.2749	0.24951	0.99214	0.20234	0.58626	0.39458	2.5233	0.10609	0.94521	0.011626	0.091044
C2orf42	4	0.12267	0.96051	0.30845	0.92273	0.3368	0.86298	-0.0063082	-0.048556	0.96464	0.99214	0.96127	0.98846	-0.099038	-0.76233	0.60118	0.94521	0.44586	0.71672
C2orf49	4	0.23958	1.22	0.049116	0.58696	0.22248	0.82146	0.13997	0.70049	0.38703	0.99214	0.48362	0.80709	0.12748	0.63794	0.47348	0.94521	0.52351	0.76571
C2orf53	4	-0.074136	-0.64319	0.60118	0.96226	0.5201	0.93876	0.026863	0.22905	0.88802	0.99214	0.81883	0.96453	-0.1793	-1.5287	0.42436	0.94521	0.12633	0.43166
C2orf73	4	0.04919	0.41931	0.6778	0.98133	0.67499	0.98607	0.014925	0.12508	0.95285	0.99214	0.90046	0.98655	-0.0030879	-0.025879	0.9725	0.98814	0.97935	0.99182
C2orf78	4	-0.14761	-1.2611	0.33792	0.92273	0.20727	0.81482	0.31221	2.6211	0.060904	0.5	0.0087657	0.10376	0.08482	0.71204	0.63458	0.94521	0.47644	0.72659
C2orf82	4	0.29991	2.0764	0.015717	0.44444	0.037857	0.69504	-0.12227	-0.83204	0.49509	0.99214	0.40539	0.74651	-0.027812	-0.18926	0.88016	0.98144	0.84989	0.92434
C3orf20	4	-0.13858	-1.193	0.36346	0.92273	0.23286	0.82146	-0.053248	-0.4506	0.7446	0.99214	0.65228	0.90537	-0.063273	-0.53543	0.73477	0.96923	0.59235	0.79764
C3orf30	4	-0.020448	-0.1876	0.8664	0.98684	0.85119	0.99722	-0.10774	-0.97149	0.53831	0.99214	0.33131	0.70424	-0.060731	-0.54762	0.74263	0.96923	0.58395	0.79764
C3orf33	4	-0.1061	-0.85186	0.47544	0.95286	0.39429	0.88898	0.0036623	0.028903	0.99214	0.99214	0.97694	0.99218	0.21039	1.6604	0.28684	0.94521	0.096826	0.38205
C3orf67	4	-0.17676	-1.4202	0.24951	0.87671	0.15555	0.77624	0.20607	1.6278	0.23969	0.99214	0.10357	0.43567	0.072628	0.57369	0.6778	0.94521	0.56618	0.78739
C3orf72	4	-0.091615	-0.94148	0.52063	0.95286	0.34646	0.87589	0.071793	0.72489	0.6778	0.99214	0.46852	0.79385	0.19496	1.9686	0.31827	0.94521	0.048999	0.24419
C4orf21	4	-0.079917	-0.83204	0.56582	0.95899	0.40539	0.89196	0.065791	0.67325	0.69548	0.99214	0.50079	0.81657	0.14316	1.465	0.42436	0.94521	0.14292	0.45185
C4orf27	4	-0.25108	-2.0225	0.11198	0.76	0.043123	0.70805	0.10421	0.82533	0.52063	0.99214	0.40919	0.74651	-0.048235	-0.38201	0.78389	0.97602	0.70245	0.85949
C4orf33	4	0.036222	0.35125	0.78389	0.98684	0.7254	0.99722	0.10453	0.99608	0.52063	0.99214	0.31921	0.69447	-0.16726	-1.5937	0.44401	0.94521	0.11101	0.40214
C4orf36	4	0.22847	1.9874	0.051081	0.58696	0.046876	0.70903	-0.2167	-1.8526	0.29862	0.99214	0.063933	0.33898	-0.31569	-2.6989	0.222	0.94521	0.0069576	0.06324
C4orf6	4	-0.19899	-1.9895	0.19843	0.82946	0.046641	0.70903	0.13777	1.3542	0.389	0.99214	0.17568	0.55459	0.010856	0.1067	0.96857	0.98814	0.91502	0.95245
C5orf34	4	-0.10997	-1.1618	0.46169	0.94378	0.24531	0.82146	0.089802	0.9329	0.59136	0.99214	0.35087	0.72895	-0.041237	-0.42839	0.82318	0.98126	0.66837	0.84776
C5orf45	4	0.069217	0.63178	0.55403	0.95286	0.52753	0.94255	0.071092	0.63775	0.6778	0.99214	0.52363	0.83058	0.027908	0.25035	0.8998	0.98144	0.80231	0.90549
C5orf46	4	0.15923	1.3797	0.19253	0.82946	0.16768	0.78469	-0.031225	-0.26589	0.84086	0.99214	0.79032	0.96238	-0.054322	-0.46257	0.76424	0.97494	0.64367	0.8347
C5orf48	4	-0.093435	-0.63976	0.51081	0.95286	0.52233	0.93945	0.32581	2.1904	0.051081	0.46429	0.028494	0.23346	0.1316	0.88467	0.45187	0.94521	0.37633	0.67802
C5orf54	4	0.088755	0.68336	0.44401	0.94286	0.49438	0.93537	-0.041705	-0.31566	0.78585	0.99214	0.75226	0.95487	0.05184	0.39236	0.76228	0.97487	0.69479	0.85949
C6orf10	4	0.20931	1.2125	0.084479	0.72881	0.22533	0.82146	-0.04244	-0.24157	0.78193	0.99214	0.80912	0.96453	0.18148	1.033	0.33399	0.94521	0.3016	0.61941
C6orf106	4	-0.02902	-0.30163	0.81532	0.98684	0.76293	0.99722	-0.049717	-0.50791	0.75835	0.99214	0.61151	0.87927	-0.068521	-0.70001	0.71316	0.96032	0.48392	0.72659
C6orf118	4	-0.059156	-0.51189	0.66601	0.98133	0.60873	0.9806	-0.0093775	-0.079771	0.95481	0.99214	0.93642	0.98655	0.10328	0.87857	0.55206	0.94521	0.37964	0.67802
C6orf132	4	-0.089464	-0.96973	0.52849	0.95286	0.33218	0.86298	0.02187	0.23293	0.91945	0.99214	0.81581	0.96453	0.12687	1.3513	0.47348	0.94521	0.17661	0.48591
C6orf201	4	0.25513	1.586	0.033399	0.51515	0.11274	0.76907	-0.076206	-0.46514	0.65815	0.99214	0.64183	0.90367	-0.072946	-0.44524	0.68959	0.95393	0.65615	0.84551
C6orf211	4	0.16005	1.2725	0.19057	0.82946	0.20318	0.81482	-0.2823	-2.2047	0.19057	0.99214	0.027473	0.23306	-0.3486	-2.7224	0.19253	0.94521	0.0064804	0.059975
C6orf223	4	-0.11585	-1.0963	0.44597	0.94286	0.27293	0.83734	0.10098	0.93934	0.53242	0.99214	0.34755	0.728	-0.081567	-0.75868	0.66601	0.94521	0.44804	0.71715
C6orf48	4	-0.14291	-1.5366	0.35363	0.92273	0.1244	0.76907	0.19558	2.0673	0.26326	0.99214	0.038706	0.27824	0.13494	1.4263	0.44597	0.94521	0.15378	0.45998
C6orf52	4	0.0094377	0.077893	0.95678	0.99406	0.93791	0.99722	0.099816	0.8091	0.54224	0.99214	0.41845	0.75263	0.26467	2.1456	0.18861	0.94521	0.031908	0.19242
C6orf57	4	0.071417	0.51078	0.54617	0.95286	0.60951	0.9806	0.12369	0.86916	0.44008	0.99214	0.38476	0.73693	0.10432	0.73301	0.54617	0.94521	0.46355	0.726
C6orf62	4	0.099204	0.90574	0.39686	0.92273	0.36507	0.88807	0.047263	0.42386	0.778	0.99214	0.67166	0.91411	0.032195	0.28873	0.88212	0.98144	0.77279	0.89972
C6orf99	4	0.0090208	0.060836	0.95678	0.99406	0.95149	0.99722	-0.069107	-0.45813	0.68762	0.99214	0.64686	0.90367	0.12194	0.80838	0.48527	0.94521	0.41887	0.69448
C7orf10	4	0.10848	1.035	0.36935	0.92273	0.30067	0.84968	-0.093574	-0.87746	0.5776	0.99214	0.38024	0.7359	0.11184	1.0488	0.5167	0.94521	0.29429	0.61375
C7orf25	4	0.242	1.5274	0.045187	0.58696	0.12666	0.76907	0.056894	0.35279	0.7446	0.99214	0.72425	0.94363	-0.056632	-0.35116	0.75049	0.97449	0.72547	0.86885
C7orf29	4	0.13026	0.89918	0.28487	0.91772	0.36856	0.88807	0.030831	0.20913	0.87819	0.99214	0.83434	0.96453	0.19802	1.3432	0.30845	0.94521	0.1792	0.48776
C7orf43	4	0.040956	0.38243	0.74067	0.98433	0.70214	0.98607	0.12472	1.1442	0.43222	0.99214	0.25253	0.61502	0.14157	1.2989	0.42829	0.94521	0.19399	0.49371
C7orf49	4	-0.074564	-0.65605	0.59725	0.95899	0.51179	0.93876	0.061576	0.53254	0.7112	0.99214	0.59435	0.86683	0.14607	1.2633	0.41847	0.94521	0.20648	0.51495
C7orf50	4	0.066035	0.40771	0.5835	0.95899	0.68348	0.98607	0.10109	0.61259	0.53242	0.99214	0.54015	0.83567	0.29091	1.7631	0.16503	0.94521	0.077885	0.32495
C7orf55	4	0.028766	0.20835	0.84086	0.98684	0.83496	0.99722	0.12767	0.90904	0.42043	0.99214	0.36333	0.7359	0.12852	0.91511	0.46562	0.94521	0.36013	0.66901
C8orf22	4	0.089792	0.72245	0.43615	0.94286	0.47002	0.91662	-0.27303	-2.1593	0.20432	0.99214	0.030825	0.23773	-0.27093	-2.1428	0.26916	0.94521	0.032132	0.19242
C8orf34	4	-0.1943	-1.9791	0.20236	0.82946	0.047802	0.70903	0.07839	0.78501	0.65226	0.99214	0.43245	0.76429	0.046285	0.4635	0.79568	0.97602	0.643	0.8347
C8orf37	4	-0.19645	-1.931	0.20236	0.82946	0.053482	0.70903	-0.059163	-0.5715	0.71709	0.99214	0.56766	0.86168	0.085024	0.82133	0.63261	0.94521	0.41146	0.69119
C8orf42	4	-0.11404	-1.0968	0.4499	0.94286	0.27273	0.83734	0.18756	1.7715	0.27112	0.99214	0.076484	0.37077	0.31785	3.0023	0.15128	0.94521	0.0026794	0.031716
C8orf44	4	0.13754	1.1	0.25737	0.89116	0.27134	0.83734	0.034412	0.27053	0.85855	0.99214	0.78675	0.96238	-0.085043	-0.66857	0.64833	0.94521	0.50377	0.74383
C8orf46	4	-0.2421	-1.945	0.12574	0.8	0.051771	0.70903	0.18265	1.4424	0.27898	0.99214	0.14919	0.52195	-0.012387	-0.097817	0.93517	0.98144	0.92208	0.95544
C8orf47	4	0.029174	0.19406	0.8389	0.98684	0.84613	0.99722	0.2393	1.5641	0.16503	0.96552	0.11779	0.47024	0.30327	1.9823	0.15914	0.94521	0.04745	0.24419
C8orf74	4	0.095099	0.79895	0.40864	0.93304	0.42432	0.89618	-0.00047242	-0.0038996	0.98232	0.99214	0.99689	0.99885	-0.085295	-0.70404	0.64833	0.94521	0.48141	0.72659
C8orf76	4	0.087513	0.73865	0.4558	0.94309	0.46012	0.91193	-0.029579	-0.24533	0.85462	0.99214	0.8062	0.96453	-0.08717	-0.723	0.64244	0.94521	0.46968	0.72659
C9orf116	4	0.0643	0.57486	0.59136	0.95899	0.56539	0.96083	-0.12699	-1.1153	0.48134	0.99214	0.26471	0.63256	0.1256	1.1032	0.47544	0.94521	0.26994	0.59942
C9orf117	4	0.15332	1.0212	0.20825	0.82946	0.30715	0.84968	0.10178	0.66611	0.52849	0.99214	0.50534	0.81657	-0.0050405	-0.032986	0.96464	0.98814	0.97369	0.99121
C9orf123	4	0.10274	0.90797	0.38703	0.92273	0.36389	0.88807	-0.075315	-0.65426	0.65815	0.99214	0.51294	0.82623	-0.13571	-1.1789	0.51473	0.94521	0.23843	0.5567
C9orf135	4	0.075514	0.67679	0.53045	0.95286	0.49854	0.93537	-0.02548	-0.22448	0.86837	0.99214	0.82238	0.96453	0.095469	0.84108	0.59136	0.94521	0.4003	0.68835
C9orf142	4	0.014105	0.1201	0.91552	0.99406	0.9044	0.99722	-0.23973	-2.0066	0.25933	0.99214	0.04479	0.29998	-0.072532	-0.60713	0.69155	0.95393	0.54377	0.77746
C9orf153	4	0.033732	0.31901	0.80354	0.98684	0.74972	0.99722	-0.061261	-0.56924	0.71513	0.99214	0.5692	0.86168	0.028777	0.26741	0.89391	0.98144	0.78916	0.89972
C9orf3	4	-0.17609	-1.4433	0.24951	0.87671	0.14893	0.77352	-0.009629	-0.077579	0.95285	0.99214	0.93816	0.98655	-0.16059	-1.2938	0.46562	0.94521	0.19574	0.49568
C9orf37	4	0.071832	0.5728	0.54617	0.95286	0.56678	0.96083	-0.048784	-0.38244	0.76031	0.99214	0.70214	0.93732	0.073709	0.57783	0.67191	0.94521	0.56338	0.78564
C9orf50	4	-0.046271	-0.36796	0.72299	0.98133	0.7129	0.98607	-0.18366	-1.4353	0.36739	0.99214	0.15119	0.5235	-0.13212	-1.0326	0.51866	0.94521	0.3018	0.61941
C9orf64	4	-0.086692	-0.75437	0.53438	0.95286	0.45063	0.91193	0.22508	1.9251	0.19253	0.99214	0.054219	0.32926	0.21102	1.8048	0.28487	0.94521	0.071105	0.30962
C9orf66	4	-0.20963	-1.6701	0.17878	0.82946	0.094897	0.76049	0.11426	0.89469	0.47937	0.99214	0.37095	0.7359	-0.0078448	-0.061427	0.95481	0.98381	0.95102	0.97203
C9orf69	4	0.038	0.3724	0.76621	0.98684	0.7096	0.98607	0.0376	0.36216	0.83694	0.99214	0.71723	0.93848	0.073285	0.70588	0.67191	0.94521	0.48026	0.72659
C9orf72	4	0.14834	0.98192	0.22397	0.84559	0.32614	0.86298	0.095409	0.62083	0.56582	0.99214	0.53471	0.83232	0.078734	0.51232	0.64833	0.94521	0.60843	0.80859
C9orf9	4	-0.094785	-1.0374	0.50688	0.95286	0.29957	0.84968	0.079343	0.85369	0.65029	0.99214	0.39328	0.7414	0.09304	1.0011	0.59725	0.94521	0.31679	0.62543
C9orf91	4	0.11301	1.1724	0.35363	0.92273	0.24104	0.82146	0.031378	0.31986	0.87426	0.99214	0.74907	0.95487	0.05853	0.59666	0.73477	0.96923	0.55074	0.78061
C9orf96	4	-0.053225	-0.54643	0.69745	0.98133	0.58477	0.97238	0.1356	1.3686	0.39882	0.99214	0.17113	0.55459	-0.0082545	-0.083313	0.95285	0.98377	0.9336	0.96088
CA9	4	-0.081454	-0.71124	0.55992	0.95638	0.47694	0.92657	0.020618	0.17687	0.92731	0.99214	0.85961	0.98256	0.092747	0.79562	0.60118	0.94521	0.42625	0.69891
CAB39L	4	-0.097038	-0.83874	0.50295	0.95286	0.40162	0.89101	0.14473	1.2296	0.38114	0.99214	0.21887	0.59894	0.28499	2.4212	0.16896	0.94521	0.01547	0.11579
CABLES1	4	0.33408	2.3473	0.0058939	0.17647	0.01891	0.48125	-0.16709	-1.1539	0.39096	0.99214	0.24856	0.61011	-0.25571	-1.7658	0.29077	0.94521	0.077434	0.32495
CABP1	4	0.078656	0.67807	0.51473	0.95286	0.49773	0.93537	0.097564	0.82647	0.55206	0.99214	0.40854	0.74651	-0.17166	-1.454	0.44204	0.94521	0.14594	0.45387
CACUL1	4	0.018969	0.17656	0.88802	0.98696	0.85985	0.99722	-0.047966	-0.43891	0.76817	0.99214	0.66072	0.90691	0.028405	0.25992	0.89587	0.98144	0.79492	0.89976
CAD	4	0.18817	1.8736	0.1277	0.80247	0.06098	0.71332	-0.0024991	-0.024459	0.97642	0.99214	0.98049	0.99218	-0.015243	-0.14918	0.92534	0.98144	0.88141	0.94059
CALCA	4	-0.080828	-0.60611	0.56189	0.95652	0.54444	0.94911	0.16059	1.1838	0.34185	0.99214	0.23648	0.61011	0.072992	0.53809	0.67387	0.94521	0.59052	0.79764
CALCOCO2	4	-0.076085	-0.84127	0.58939	0.95899	0.4002	0.89101	0.026469	0.28769	0.89391	0.99214	0.77358	0.95804	-0.036261	-0.39411	0.84086	0.98144	0.6935	0.85949
CALML6	4	0.1254	1.025	0.30648	0.92273	0.30535	0.84968	-0.098339	-0.79005	0.55992	0.99214	0.4295	0.76353	-0.1098	-0.88212	0.56385	0.94521	0.37771	0.67802
CALR	4	0.11372	1.0404	0.34774	0.92273	0.29814	0.84968	-0.14085	-1.2622	0.44401	0.99214	0.20688	0.59157	-0.14809	-1.3269	0.4833	0.94521	0.18453	0.49312
CAMK1D	4	0.089783	0.80902	0.43615	0.94286	0.4185	0.89618	-0.21009	-1.8609	0.31041	0.99214	0.062757	0.33624	-0.11202	-0.99226	0.55796	0.94521	0.32107	0.62543
CAMK1G	4	-0.064985	-0.76322	0.6444	0.98133	0.44533	0.91193	0.077675	0.89696	0.65619	0.99214	0.36974	0.7359	0.0083124	0.095988	0.98232	0.98814	0.92353	0.95544
CAMK2A	4	0.35433	2.0723	0.0039293	0.13333	0.038234	0.69504	-0.070493	-0.40492	0.68762	0.99214	0.68554	0.92068	-0.1541	-0.88513	0.47741	0.94521	0.37609	0.67802
CAMK2G	4	0.21919	1.3421	0.070727	0.68421	0.17955	0.8022	0.13489	0.81106	0.39882	0.99214	0.41733	0.75263	0.040519	0.24362	0.83497	0.98144	0.80752	0.90874
CAMK2N2	4	-0.060808	-0.47435	0.66208	0.98133	0.63525	0.98139	0.16385	1.2558	0.33595	0.99214	0.2092	0.59157	0.035335	0.2708	0.86837	0.98144	0.78655	0.89972
CAMKK1	4	0.1527	0.9601	0.21022	0.82946	0.337	0.86298	0.20615	1.2739	0.23969	0.99214	0.20271	0.58626	0.11344	0.701	0.51277	0.94521	0.48331	0.72659
CAND1	4	-0.10201	-1.0728	0.48919	0.95286	0.28336	0.84315	0.17184	1.7767	0.29862	0.99214	0.075618	0.37009	0.1173	1.2128	0.50098	0.94521	0.22521	0.53443
CAND2	4	-0.0042474	-0.034259	0.96464	0.99406	0.97267	0.99722	0.01315	0.10427	0.96071	0.99214	0.91695	0.98655	-0.11688	-0.92678	0.5442	0.94521	0.35404	0.66253
CAPG	4	0.19973	1.5597	0.096267	0.76	0.11884	0.76907	-0.0096543	-0.074101	0.95285	0.99214	0.94093	0.98655	-0.21724	-1.6674	0.36149	0.94521	0.09543	0.38014
CAPN3	4	-0.013877	-0.12987	0.89194	0.98696	0.89667	0.99722	-0.078252	-0.71992	0.65226	0.99214	0.47157	0.79439	0.060524	0.55683	0.73281	0.96923	0.57765	0.79426
CAPN7	4	-0.053685	-0.43219	0.69548	0.98133	0.66561	0.98486	0.14584	1.1541	0.37721	0.99214	0.24845	0.61011	0.26174	2.0713	0.19253	0.94521	0.038333	0.22172
CARD8	4	-0.044207	-0.41077	0.73477	0.98433	0.68124	0.98607	0.082467	0.75342	0.63654	0.99214	0.4512	0.77851	-0.094355	-0.86202	0.62279	0.94521	0.38868	0.67985
CARM1	4	0.13895	0.89595	0.25147	0.87671	0.37028	0.88807	-0.073305	-0.46439	0.67387	0.99214	0.64237	0.90367	0.22884	1.4497	0.25147	0.94521	0.14713	0.45387
CASC3	4	-0.060413	-0.41713	0.66405	0.98133	0.67658	0.98607	0.1796	1.219	0.2888	0.99214	0.22286	0.60034	0.40112	2.7224	0.1002	0.94521	0.0064806	0.059975
CASC5	4	0.048238	0.31677	0.68173	0.98133	0.75142	0.99722	0.11865	0.76531	0.46169	0.99214	0.44409	0.77411	0.31746	2.0477	0.15128	0.94521	0.040589	0.22955
CASK	4	-0.031404	-0.34091	0.80354	0.98684	0.73317	0.99722	0.13287	1.4179	0.41061	0.99214	0.15622	0.53368	0.09475	1.0111	0.59528	0.94521	0.31199	0.62543
CASP2	4	-0.0095559	-0.084452	0.92141	0.99406	0.9327	0.99722	-0.0069774	-0.060625	0.96071	0.99214	0.95166	0.98655	-0.0026484	-0.023012	0.97446	0.98814	0.98164	0.99182
CASP3	4	-0.040541	-0.32536	0.75246	0.98684	0.74491	0.99722	0.056554	0.44601	0.7446	0.99214	0.65559	0.90678	-0.097984	-0.77269	0.60314	0.94521	0.43971	0.71277
CASP6	4	-0.12977	-1.1977	0.39489	0.92273	0.23104	0.82146	0.063499	0.57616	0.70727	0.99214	0.56451	0.86168	-0.042556	-0.38613	0.81729	0.97887	0.6994	0.85949
CASP8	4	0.0040752	0.02762	0.99411	0.99803	0.97796	0.99722	0.081782	0.54485	0.64047	0.99214	0.58586	0.86435	0.15128	1.0079	0.40472	0.94521	0.31352	0.62543
CAV2	4	-0.12822	-1.1478	0.39882	0.92273	0.25104	0.83383	0.27343	2.4063	0.11788	0.84211	0.016117	0.17454	0.1271	1.1185	0.47348	0.94521	0.26334	0.59434
CBLB	4	0.26249	1.7051	0.031434	0.51515	0.088177	0.76049	-0.089607	-0.57187	0.60118	0.99214	0.56741	0.86168	-0.093171	-0.59461	0.62868	0.94521	0.5521	0.78061
CBLC	4	0.044905	0.30761	0.7053	0.98133	0.75838	0.99722	0.066819	0.44989	0.68959	0.99214	0.65279	0.90537	0.079928	0.53814	0.64833	0.94521	0.59048	0.79764
CBX2	4	-0.029551	-0.25105	0.81336	0.98684	0.80178	0.99722	-0.066743	-0.55724	0.70138	0.99214	0.57736	0.86435	0.055033	0.45949	0.75246	0.97455	0.64588	0.8347
CBX4	4	-0.13934	-1.0617	0.35953	0.92273	0.28838	0.84315	0.30576	2.2862	0.066798	0.53125	0.022242	0.19862	0.40563	3.0331	0.096267	0.94231	0.0024209	0.029339
CBX7	4	0.17622	0.9741	0.15717	0.82946	0.33001	0.86298	0.13564	0.7369	0.39882	0.99214	0.46118	0.78509	0.20127	1.0934	0.30059	0.94521	0.2742	0.59991
CBX8	4	-0.0097019	-0.075536	0.92141	0.99406	0.93979	0.99722	0.096429	0.73805	0.55796	0.99214	0.46048	0.78509	0.12837	0.98252	0.46758	0.94521	0.32584	0.6277
CC2D1B	4	-0.13712	-1.2709	0.36542	0.92273	0.20376	0.81482	0.029913	0.27252	0.88016	0.99214	0.78523	0.96238	0.17474	1.5919	0.33792	0.94521	0.1114	0.40214
CCAR1	4	0.048193	0.38038	0.68173	0.98133	0.70366	0.98607	-0.16095	-1.2487	0.40079	0.99214	0.21177	0.59225	-0.19569	-1.5182	0.40079	0.94521	0.12896	0.43166
CCDC102A	4	-0.11348	-0.9669	0.45187	0.94286	0.33359	0.86298	0.25885	2.1684	0.13163	0.85185	0.030129	0.23594	0.052727	0.44169	0.76228	0.97487	0.65871	0.84668
CCDC103	4	0.2204	1.124	0.068762	0.68421	0.26101	0.83556	0.19945	0.99961	0.24951	0.99214	0.3175	0.69447	0.10494	0.52595	0.54617	0.94521	0.59892	0.80014
CCDC105	4	-0.0056736	-0.056704	0.95481	0.99406	0.95478	0.99722	-0.078674	-0.77235	0.64833	0.99214	0.43991	0.77378	-0.1537	-1.5088	0.47741	0.94521	0.13134	0.43166
CCDC106	4	0.0068383	0.059467	0.97053	0.99406	0.95258	0.99722	-0.0016287	-0.013925	0.97839	0.99214	0.98889	0.99864	-0.2516	-2.151	0.29273	0.94521	0.03148	0.19242
CCDC107	4	-0.10908	-0.88105	0.46169	0.94378	0.37829	0.88898	-0.0083527	-0.066312	0.95678	0.99214	0.94713	0.98655	-0.17223	-1.3672	0.44204	0.94521	0.17155	0.48362
CCDC109B	4	-0.20038	-2.0372	0.19843	0.82946	0.04163	0.70632	0.099796	0.99693	0.54224	0.99214	0.3188	0.69447	0.13094	1.3081	0.4558	0.94521	0.19085	0.49312
CCDC11	4	-0.22776	-1.7719	0.14931	0.82946	0.076408	0.75388	0.11316	0.86457	0.48527	0.99214	0.38727	0.73829	0.0652	0.49812	0.70923	0.96011	0.6184	0.8197
CCDC113	4	0.21751	1.0238	0.072692	0.68421	0.30591	0.84968	0.26803	1.2382	0.12181	0.84211	0.21565	0.59391	0.17821	0.82324	0.33595	0.94521	0.41037	0.69119
CCDC115	4	0.22627	1.6935	0.053045	0.58696	0.090368	0.76049	-0.039665	-0.29167	0.80157	0.99214	0.77054	0.95804	-0.24026	-1.7667	0.31041	0.94521	0.077282	0.32495
CCDC116	4	0.075491	0.70094	0.53045	0.95286	0.48334	0.92998	0.14786	1.3492	0.36935	0.99214	0.17726	0.55459	0.047569	0.43405	0.78585	0.97602	0.66425	0.84776
CDK1	4	-0.87713	-4.041	0	0	5.3219e-05	0.0033861	0.066442	0.30079	0.69155	0.99214	0.76357	0.95804	0.12259	0.55497	0.48527	0.94521	0.57892	0.79426
CHEK1	4	-0.023201	-0.11191	0.84676	0.98684	0.9109	0.99722	-0.8753	-4.1491	0	0	3.3374e-05	0.00065336	-1.3703	-6.4935	0	0	8.3859e-11	1.7074e-09
CHEK2	4	0.010794	0.047982	0.95088	0.99406	0.96173	0.99722	-1.1411	-4.9848	0	0	6.2021e-07	1.9654e-05	-1.7709	-7.7344	0	0	1.0389e-14	3.7773e-13
DYNLL1	4	0.076541	0.067958	0.52456	0.95286	0.94582	0.99722	1.1739	1.0231	0	0	0.30627	0.68674	1.7323	1.5098	0	0	0.13109	0.43166
EEF2	4	-1.0402	-4.7387	0	0	2.151e-06	0.00027372	0.216	0.9672	0.21218	0.99214	0.33344	0.70424	0.18427	0.82514	0.33202	0.94521	0.40929	0.69119
EIF3A	4	-1.2561	-5.3096	0	0	1.0988e-07	2.7965e-05	0.1513	0.62878	0.35953	0.99214	0.52949	0.83117	0.17386	0.72251	0.33988	0.94521	0.46998	0.72659
EXO1	4	-0.25618	-1.0439	0.10609	0.76	0.29652	0.84968	-1.1594	-4.6425	0	0	3.4425e-06	7.6185e-05	-1.8431	-7.3761	0	0	1.6295e-13	4.8791e-12
FAM35A	4	0.16468	0.18572	0.17878	0.82946	0.85266	0.99722	1.0463	1.158	0	0	0.24685	0.61011	1.4312	1.584	0	0	0.1132	0.40577
FANCA	4	-0.15231	-0.64423	0.31827	0.92273	0.51943	0.93876	-1.2724	-5.2887	0	0	1.2319e-07	6.2704e-06	-1.6532	-6.8702	0	0	6.4131e-12	1.6321e-10
FANCB	4	0.013525	0.058608	0.92338	0.99406	0.95326	0.99722	-1.3442	-5.725	0	0	1.0341e-08	1.132e-06	-2.2948	-9.7684	0	0	1.5385e-22	7.8312e-20
FANCC	4	0.057564	0.24251	0.62672	0.98133	0.80839	0.99722	-1.4606	-6.046	0	0	1.4849e-09	3.8421e-07	-1.8352	-7.5957	0	0	3.0608e-14	1.0386e-12
FANCD2	4	-0.048479	-0.20086	0.7112	0.98133	0.84081	0.99722	-1.4365	-5.849	0	0	4.9445e-09	8.3891e-07	-2.208	-8.9875	0	0	2.5295e-19	4.2918e-17
FANCE	4	0.0084266	0.039627	0.96267	0.99406	0.96839	0.99722	-0.88332	-4.0726	0	0	4.65e-05	0.0008766	-1.1183	-5.153	0	0	2.5635e-07	4.0775e-06
FANCF	4	0.094707	0.4792	0.41061	0.93304	0.6318	0.98139	-0.79397	-3.9472	0.0019646	0.022222	7.9084e-05	0.0014376	-1.1464	-5.6978	0	0	1.2137e-08	2.0592e-07
FANCI	4	-0.24852	-1.1416	0.11591	0.76623	0.25362	0.83383	-0.78697	-3.554	0.0019646	0.022222	0.00037945	0.0062303	-1.1813	-5.3343	0	0	9.5894e-08	1.5745e-06
FANCL	4	-0.077138	-0.35898	0.58743	0.95899	0.71961	0.99263	-0.92013	-4.2101	0	0	2.5521e-05	0.0005196	-1.8363	-8.4019	0	0	4.3949e-17	2.7962e-15
FANCM	4	-0.24162	-1.1911	0.12574	0.8	0.23363	0.82146	-0.59354	-2.8684	0.017682	0.18367	0.0041253	0.055258	-1.2074	-5.8248	0	0	5.7197e-09	1.0039e-07
H2AFX	4	-0.2942	-1.2652	0.076621	0.68421	0.2058	0.81482	-0.91024	-3.8472	0	0	0.00011946	0.0020967	-1.445	-6.1062	0	0	1.0203e-09	1.9974e-08
MAD2L2	4	-0.25154	-0.32901	0.11198	0.76	0.74215	0.99722	1.1823	1.5153	0	0	0.1297	0.48188	1.7629	2.2596	0	0	0.023845	0.15762
MRE11	4	0.055502	0.26446	0.64047	0.98133	0.79143	0.99722	-1.0246	-4.7982	0	0	1.6013e-06	4.2899e-05	-1.272	-5.956	0	0	2.5849e-09	4.6989e-08
NBN	4	0.11634	0.5381	0.33988	0.92273	0.59051	0.97587	-1.0436	-4.7435	0	0	2.1008e-06	5.3466e-05	-1.8931	-8.5989	0	0	8.0504e-18	8.1953e-16
PALB2	4	0.10793	0.48369	0.36935	0.92273	0.62861	0.98139	-1.0581	-4.6599	0	0	3.1632e-06	7.3185e-05	-1.8874	-8.3087	0	0	9.6756e-17	4.9249e-15
PARP1	4	0.23363	0.14885	0.051081	0.58696	0.88167	0.99722	1.2083	0.75571	0	0	0.44983	0.77851	1.8672	1.1678	0	0	0.24288	0.56451
PARP2	4	0.085949	0.17511	0.46955	0.95219	0.86099	0.99722	0.80081	1.6005	0	0	0.10948	0.45304	1.0153	2.0292	0	0	0.04244	0.23228
PAXIP1	4	-0.15267	-0.40057	0.31631	0.92273	0.68874	0.98607	0.74116	1.91	0	0	0.056127	0.32926	1.1016	2.8389	0	0	0.0045272	0.048209
PCNA	4	-0.97169	-4.2199	0	0	2.4437e-05	0.0017769	0.027535	0.11753	0.88409	0.99214	0.90644	0.98655	-0.044752	-0.19102	0.79961	0.97602	0.84851	0.92434
POLR2A	4	-0.89542	-3.8095	0	0	0.00013924	0.0070872	-0.16606	-0.69366	0.39096	0.99214	0.4879	0.81037	-0.23677	-0.98894	0.31434	0.94521	0.32269	0.62543
PSMD1	4	-1.1106	-4.6722	0	0	2.9803e-06	0.0003034	-0.062694	-0.25926	0.7112	0.99214	0.79543	0.96322	0.31913	1.3198	0.15128	0.94521	0.18691	0.49312
RAD50	4	-0.12973	-0.5679	0.39489	0.92273	0.5701	0.96086	-1.0601	-4.5617	0	0	5.075e-06	0.00010763	-1.5379	-6.6168	0	0	3.6714e-11	7.7864e-10
RAD51	4	0.042201	0.17937	0.72888	0.98408	0.85765	0.99722	-1.3628	-5.6855	0	0	1.3044e-08	1.132e-06	-2.1424	-8.9308	0	0	4.2302e-19	5.3829e-17
RAD51B	4	0.17019	0.73534	0.17289	0.82946	0.46213	0.91193	-1.2543	-5.3272	0	0	9.976e-08	6.2704e-06	-2.0076	-8.5264	0	0	1.5091e-17	1.0973e-15
RAD51C	4	-0.17375	-0.80421	0.26326	0.89333	0.42128	0.89618	-0.79801	-3.6299	0	0	0.00028357	0.0048112	-1.3336	-6.0639	0	0	1.3283e-09	2.5042e-08
RAD51D	4	0.044006	0.19647	0.71513	0.98133	0.84424	0.99722	-1.2806	-5.6153	0	0	1.9619e-08	1.4266e-06	-1.7023	-7.4624	0	0	8.4968e-14	2.703e-12
RBBP8	4	0.0030938	0.013313	0.99607	0.99803	0.98938	0.99722	-1.2529	-5.2956	0	0	1.1865e-07	6.2704e-06	-1.8751	-7.9184	0	0	2.4053e-15	1.0202e-13
REV7	4	-0.030544	-0.045868	0.80943	0.98684	0.96342	0.99722	1.0392	1.5329	0	0	0.1253	0.47596	1.3626	2.0098	0	0	0.044448	0.24068
RIF1	4	-0.017092	-0.022729	0.87426	0.98684	0.98187	0.99722	1.0304	1.3443	0	0	0.17884	0.55459	1.5062	1.965	0	0	0.049414	0.24419
RNF168	4	-0.15927	-0.50084	0.29666	0.92273	0.61648	0.9806	0.59325	1.832	0	0	0.06695	0.34431	1.0466	3.2322	0	0	0.0012285	0.0169
RNF8	4	0.24015	0.16224	0.049116	0.58696	0.87112	0.99722	1.2375	0.81933	0	0	0.4126	0.75004	1.7845	1.1815	0	0	0.23742	0.5567
RPA1	4	-0.77598	-3.8492	0	0	0.00011851	0.0067022	0.094131	0.45898	0.57564	0.99214	0.64625	0.90367	-0.17354	-0.84615	0.44008	0.94521	0.39747	0.6858
RPL11	4	-0.78816	-3.6495	0	0	0.00026279	0.01216	-0.13666	-0.62204	0.45776	0.99214	0.53391	0.83232	-0.19863	-0.90414	0.39882	0.94521	0.36592	0.67103
RPL5	4	-0.65665	-3.4702	0.0019646	0.083333	0.00051999	0.022056	-0.014464	-0.075099	0.93517	0.99214	0.94014	0.98655	-0.081439	-0.42282	0.66601	0.94521	0.67242	0.84776
RPS19	4	-1.0021	-4.4744	0	0	7.6615e-06	0.00064995	0.012412	0.054474	0.96071	0.99214	0.95656	0.9876	-0.0023147	-0.010158	0.97642	0.98814	0.99189	0.99778
SEC61A1	4	-1.0413	-4.8972	0	0	9.7216e-07	0.00016494	0.32954	1.5236	0.049116	0.45455	0.12762	0.48028	0.28988	1.3402	0.16503	0.94521	0.18018	0.48783
SHLD1	4	0.03434	0.0346	0.79961	0.98684	0.9724	0.99722	1.212	1.1984	0	0	0.23075	0.60948	1.6365	1.6182	0	0	0.10562	0.40159
SHLD2	4	0.084107	0.09088	0.47741	0.95286	0.92759	0.99722	0.9994	1.0582	0	0	0.28995	0.66182	1.5636	1.6557	0	0	0.097777	0.38283
SHLD3	4	-0.069588	-0.18722	0.63065	0.98133	0.85149	0.99722	0.67543	1.7847	0	0	0.074313	0.36724	1.0413	2.7514	0	0	0.005935	0.058862
TP53BP1	4	0.12578	0.1788	0.30452	0.92273	0.85809	0.99722	0.95297	1.3301	0	0	0.18348	0.55923	1.2333	1.7214	0	0	0.085179	0.35249
UBA1	4	-1.1564	-5.382	0	0	7.3669e-08	2.7965e-05	0.32857	1.5031	0.049116	0.45455	0.13282	0.48518	0.28874	1.3209	0.16503	0.94521	0.18654	0.49312
WRN	4	-0.31374	-1.4816	0.070727	0.68421	0.13846	0.76907	-0.66783	-3.0998	0.0058939	0.065217	0.0019366	0.02916	-0.99565	-4.621	0	0	3.8198e-06	5.8917e-05
XRCC2	4	0.12769	0.549	0.2947	0.92273	0.583	0.97238	-1.1844	-5.0002	0	0	5.7282e-07	1.9654e-05	-1.652	-6.9699	0	0	3.1726e-12	8.9713e-11
XRCC3	4	-0.042031	-0.16662	0.74263	0.98438	0.86767	0.99722	-1.5509	-6.0433	0	0	1.5097e-09	3.8421e-07	-2.3755	-9.2556	0	0	2.1307e-20	5.4226e-18
