id	num	neg|score	neg|p-value	neg|fdr	neg|rank	neg|goodsgrna	neg|lfc	pos|score	pos|p-value	pos|fdr	pos|rank	pos|goodsgrna	pos|lfc
C1orf109	10	6.054e-12	4.9505e-06	0.000825	1	10	-2.7905	1.0	1.0	0.999995	1000	0	-2.7905
ANAPC4	10	3.8516e-09	4.9505e-06	0.000825	2	8	-1.9675	0.66256	0.84968	0.999995	800	2	-1.9675
C7orf26	10	1.3981e-08	4.9505e-06	0.000825	3	10	-2.083	0.99999	0.99999	0.999995	998	0	-2.083
C3orf17	10	2.2536e-07	4.9505e-06	0.000825	4	10	-2.1187	0.99999	0.99997	0.999995	997	0	-2.1187
C14orf80	10	2.2672e-07	4.9505e-06	0.000825	5	9	-1.542	0.99789	0.9977	0.999995	988	0	-1.542
C16orf80	10	4.1399e-07	4.9505e-06	0.000825	6	9	-1.0385	0.9897	0.98989	0.999995	973	1	-1.0385
ANAPC2	10	8.1104e-07	2.4752e-05	0.00275	7	7	-1.1249	0.96915	0.97931	0.999995	952	1	-1.1249
C9orf78	10	8.5078e-07	2.4752e-05	0.00275	8	8	-1.0449	0.9988	0.99866	0.999995	992	0	-1.0449
C9orf41	10	8.8462e-07	2.4752e-05	0.00275	9	8	-1.5857	0.99736	0.99723	0.999995	986	0	-1.5857
BUB3	10	1.4069e-06	3.4653e-05	0.003427	10	7	-1.3932	0.61647	0.82581	0.999995	777	3	-1.3932
ARL2	10	2.496e-06	4.4554e-05	0.003427	11	8	-0.8766	0.84932	0.9343	0.999995	899	2	-0.8766
BYSL	10	2.5964e-06	4.4554e-05	0.003427	12	7	-0.92609	0.78268	0.91349	0.999995	877	3	-0.92609
ANAPC11	10	3.2712e-06	4.4554e-05	0.003427	13	6	-0.85512	0.28195	0.56416	0.999995	536	3	-0.85512
BCL2	10	4.4494e-06	5.4455e-05	0.00363	14	8	-1.1857	0.92717	0.96692	0.999995	936	1	-1.1857
C12orf44	10	5.1312e-06	5.4455e-05	0.00363	15	10	-0.62656	0.99999	0.99999	0.999995	999	0	-0.62656
ACTR8	10	6.1414e-06	6.4356e-05	0.004022	16	8	-0.79283	0.98261	0.98484	0.999995	959	1	-0.79283
C9orf114	10	6.8207e-06	7.4257e-05	0.004368	17	8	-1.0595	0.99457	0.99435	0.999995	982	0	-1.0595
CCDC115	10	9.5879e-06	0.00011386	0.006076	18	9	-1.3731	0.99853	0.99845	0.999995	990	0	-1.3731
ANAPC7	10	1.0471e-05	0.00012376	0.006076	19	7	-0.96837	0.99277	0.99275	0.999995	978	0	-0.96837
C19orf70	10	1.0922e-05	0.00013366	0.006076	20	9	-0.918	0.99982	0.99984	0.999995	995	0	-0.918
BRD8	10	1.2275e-05	0.00013366	0.006076	21	7	-1.5945	0.64914	0.84269	0.999995	792	2	-1.5945
C21orf59	10	1.2709e-05	0.00013366	0.006076	22	8	-1.4084	0.9874	0.98792	0.999995	967	1	-1.4084
C12orf45	10	2.5838e-05	0.00027228	0.011287	23	5	-0.24363	0.71818	0.87851	0.999995	838	2	-0.24363
CASC3	10	3.1464e-05	0.00028218	0.011287	24	8	-0.72239	0.82839	0.92753	0.999995	888	1	-0.72239
ALG2	10	3.1677e-05	0.00028218	0.011287	25	8	-0.88339	0.95993	0.97634	0.999995	945	1	-0.88339
BCAS2	10	3.3611e-05	0.00030198	0.011615	26	8	-0.67252	0.67675	0.85703	0.999995	807	2	-0.67252
CAD	10	4.715e-05	0.00036139	0.013385	27	7	-0.99151	0.65973	0.84846	0.999995	798	2	-0.99151
BAP1	10	7.9606e-05	0.00055941	0.019979	28	6	-0.59953	0.99522	0.99495	0.999995	984	0	-0.59953
BRF1	10	8.4283e-05	0.00061881	0.021152	29	7	-0.76996	0.92638	0.96642	0.999995	935	2	-0.76996
ACIN1	10	9.4052e-05	0.00068812	0.021152	30	9	-0.81135	0.98561	0.98675	0.999995	962	1	-0.81135
ASH2L	10	9.5091e-05	0.00068812	0.021152	31	8	-0.99375	0.72857	0.88427	0.999995	845	1	-0.99375
BPTF	10	9.9546e-05	0.00069802	0.021152	32	9	-0.73951	0.98657	0.98735	0.999995	964	1	-0.73951
BUD31	10	0.0001024	0.00069802	0.021152	33	8	-1.3727	0.52435	0.77427	0.999995	723	1	-1.3727
C16orf72	10	0.0001881	0.0013119	0.038585	34	5	-0.18049	0.10616	0.30417	0.928561	325	4	-0.18049
ANAPC15	10	0.0002376	0.0016782	0.047949	35	9	-0.91206	0.58877	0.81228	0.999995	767	1	-0.91206
C11orf83	10	0.00024625	0.0017277	0.047992	36	8	-0.6125	0.99997	0.99994	0.999995	996	0	-0.6125
C17orf70	10	0.00026891	0.0018564	0.050174	37	8	-0.8577	0.69323	0.86545	0.999995	816	1	-0.8577
CARM1	10	0.00028576	0.002005	0.052762	38	8	-0.58557	0.77864	0.91113	0.999995	875	1	-0.58557
C8orf33	10	0.00032049	0.0022723	0.058264	39	6	-1.125	0.98882	0.98919	0.999995	971	1	-1.125
ASNA1	10	0.0004053	0.0028663	0.070152	40	5	-0.2787	0.91028	0.95854	0.999995	927	2	-0.2787
C10orf32	10	0.00040692	0.0028762	0.070152	41	8	-0.54563	0.84375	0.93255	0.999995	897	2	-0.54563
AHCY	10	0.00046546	0.0031931	0.076025	42	6	-0.49299	0.06177	0.20534	0.870091	236	3	-0.49299
ATPAF2	10	0.00048788	0.0033614	0.078172	43	6	-0.73956	0.029137	0.11767	0.726348	162	2	-0.73956
BDP1	10	0.00060077	0.0039752	0.090347	44	7	-0.68103	0.78171	0.91305	0.999995	876	1	-0.68103
C19orf52	10	0.00064662	0.004302	0.0956	45	7	-0.51944	0.6096	0.82233	0.999995	774	3	-0.51944
C1orf127	10	0.00068228	0.0044505	0.09675	46	7	-0.59527	0.54938	0.79308	0.999995	743	1	-0.59527
C6orf57	10	0.00080049	0.0051832	0.11028	47	8	-1.0541	0.72888	0.88444	0.999995	846	1	-1.0541
C17orf96	10	0.00088812	0.0055792	0.116233	48	5	-0.3441	0.93526	0.97078	0.999995	939	1	-0.3441
BANP	10	0.0009359	0.0058762	0.119923	49	5	-0.43163	0.16652	0.40563	0.975794	414	4	-0.43163
AQR	10	0.0010672	0.0066386	0.132772	50	6	-0.57392	0.67478	0.85611	0.999995	804	2	-0.57392
BCR	10	0.001141	0.0070545	0.138323	51	7	-0.61595	0.96845	0.97902	0.999995	951	1	-0.61595
C21orf2	10	0.0011937	0.0072822	0.140042	52	7	-0.59624	0.34676	0.62688	0.999995	587	3	-0.59624
BRPF1	10	0.0013294	0.0079752	0.14879	53	8	-0.57234	0.99968	0.99972	0.999995	994	0	-0.57234
BCL2L1	10	0.0013394	0.0080347	0.14879	54	8	-0.70743	0.9993	0.99922	0.999995	993	0	-0.70743
C6orf48	10	0.0015529	0.0092624	0.168407	55	8	-0.29696	0.72295	0.88102	0.999995	841	1	-0.29696
AHCTF1	10	0.0017032	0.010153	0.179273	56	5	-0.1647	0.41236	0.683	0.999995	645	3	-0.1647
CBFB	10	0.001793	0.010559	0.179273	57	4	-0.16053	0.71727	0.87808	0.999995	837	3	-0.16053
ATMIN	10	0.0018003	0.010589	0.179273	58	5	-0.44316	0.38255	0.65853	0.999995	618	3	-0.44316
CACTIN	10	0.0018482	0.010797	0.179273	59	7	-0.77454	0.9872	0.98776	0.999995	966	1	-0.77454
AATF	10	0.0018488	0.010797	0.179273	60	7	-0.63272	0.9722	0.98032	0.999995	953	1	-0.63272
C19orf25	10	0.0018676	0.010936	0.179273	61	3	-0.052353	0.71042	0.87446	0.999995	829	3	-0.052353
ACLY	10	0.0019642	0.01145	0.183325	62	7	-0.72933	0.99001	0.99011	0.999995	974	1	-0.72933
BRIP1	10	0.0019853	0.01155	0.183325	63	6	-0.70508	0.18349	0.43062	0.982282	435	3	-0.70508
C15orf43	10	0.0020193	0.011748	0.183555	64	8	-0.32884	0.775	0.90925	0.999995	873	1	-0.32884
ANLN	10	0.0020804	0.012025	0.184996	65	6	-0.5924	0.89145	0.95044	0.999995	921	2	-0.5924
ATP5A1	10	0.0021841	0.012649	0.191644	66	5	-0.42256	0.99696	0.99679	0.999995	985	0	-0.42256
BAG6	10	0.002304	0.013243	0.19765	67	8	-0.65425	0.98279	0.98492	0.999995	960	1	-0.65425
C19orf71	10	0.0026715	0.014995	0.220515	68	7	-0.41973	0.70344	0.87068	0.999995	825	2	-0.41973
C10orf88	10	0.003035	0.016767	0.243005	69	8	-0.43934	0.70075	0.8693	0.999995	822	1	-0.43934
BRF2	10	0.0031407	0.017272	0.244981	70	5	-0.35029	0.34963	0.62978	0.999995	589	4	-0.35029
ATRIP	10	0.0032004	0.017599	0.244981	71	6	-0.46562	0.46372	0.72539	0.999995	677	2	-0.46562
CCAR1	10	0.0032101	0.017639	0.244981	72	7	-0.51633	0.90813	0.95762	0.999995	926	2	-0.51633
ABT1	10	0.0034627	0.018975	0.2595	73	7	-0.52064	0.77211	0.90773	0.999995	872	2	-0.52064
ANAPC10	10	0.0034976	0.019203	0.2595	74	4	-0.10919	0.53755	0.78495	0.999995	734	3	-0.10919
BCLAF1	10	0.0035958	0.019748	0.2633	75	6	-0.36325	0.83875	0.9309	0.999995	895	1	-0.36325
BRIX1	10	0.0037711	0.02055	0.270388	76	7	-0.33314	0.1913	0.44158	0.982282	449	2	-0.33314
C20orf112	10	0.0039585	0.021421	0.278192	77	7	-0.49258	0.75034	0.89586	0.999995	858	1	-0.49258
ARGLU1	10	0.0049751	0.025955	0.331683	78	5	-0.40357	0.64953	0.84292	0.999995	793	1	-0.40357
AURKB	10	0.0050289	0.026203	0.331683	79	5	-0.44152	0.56517	0.80067	0.999995	755	2	-0.44152
BOP1	10	0.0050983	0.02654	0.331745	80	3	-0.17092	0.045685	0.16591	0.810456	204	2	-0.17092
C2orf69	10	0.0054913	0.028104	0.346962	81	4	0.069212	0.29577	0.58097	0.999995	553	5	0.069212
C16orf93	10	0.0057725	0.029243	0.356617	82	6	-0.42173	0.66762	0.85239	0.999995	801	2	-0.42173
ATF4	10	0.006048	0.0305	0.36747	83	7	-0.32877	0.99414	0.99399	0.999995	981	0	-0.32877
BAZ2A	10	0.0061807	0.031035	0.36946	84	5	-0.24714	0.85274	0.93544	0.999995	903	2	-0.24714
C6orf106	10	0.0063909	0.031847	0.37169	85	6	-0.35876	0.70377	0.87085	0.999995	826	1	-0.35876
C2orf81	10	0.0064265	0.031965	0.37169	86	5	-0.22771	0.39595	0.66991	0.999995	634	3	-0.22771
C16orf59	10	0.0069706	0.03451	0.396666	87	5	-0.45586	0.74539	0.89329	0.999995	855	2	-0.45586
AKIRIN2	10	0.0073894	0.036094	0.408086	88	6	-0.41249	0.40688	0.67837	0.999995	643	2	-0.41249
C18orf25	10	0.0074814	0.036351	0.408086	89	3	0.14623	0.12048	0.33417	0.944193	350	6	0.14623
C17orf50	10	0.0075871	0.036728	0.408086	90	7	-0.32494	0.96145	0.97679	0.999995	949	1	-0.32494
ASPM	10	0.0080902	0.039104	0.426873	91	7	-0.71098	0.9614	0.97675	0.999995	948	1	-0.71098
ANAPC5	10	0.0081411	0.039272	0.426873	92	5	-0.35166	0.99077	0.99075	0.999995	975	0	-0.35166
APRT	10	0.0085281	0.040649	0.437081	93	7	-0.3004	0.80332	0.9197	0.999995	881	1	-0.3004
C20orf24	10	0.009288	0.043748	0.465399	94	7	-0.34754	0.8774	0.94489	0.999995	918	1	-0.34754
C17orf82	9	0.0096084	0.045787	0.48025	95	6	-0.41054	0.4477	0.70971	0.999995	667	2	-0.41054
C19orf53	10	0.0098802	0.046104	0.48025	96	7	-0.28216	0.62498	0.82995	0.999995	782	3	-0.28216
BUD13	10	0.010185	0.047114	0.483178	97	6	-0.47706	0.1839	0.43115	0.982282	436	2	-0.47706
ARFGEF1	10	0.010261	0.047351	0.483178	98	6	-0.71754	0.99763	0.99751	0.999995	987	0	-0.71754
ALMS1	10	0.01046	0.048203	0.486899	99	3	-0.059403	0.13117	0.35216	0.946155	371	4	-0.059403
C19orf54	10	0.011043	0.050748	0.505294	100	5	-0.20967	0.27306	0.55234	0.999995	527	4	-0.20967
C17orf104	10	0.011132	0.051035	0.505294	101	7	-0.41203	0.55084	0.79369	0.999995	745	1	-0.41203
ABCF1	10	0.011831	0.053649	0.525966	102	3	-0.012513	0.031956	0.12725	0.746598	170	4	-0.012513
C11orf21	10	0.012068	0.05445	0.528646	103	6	-0.38658	0.69392	0.86579	0.999995	818	2	-0.38658
ANKRD17	10	0.012441	0.055965	0.538128	104	5	-0.22077	0.97859	0.98289	0.999995	957	1	-0.22077
ARID5A	10	0.01343	0.060025	0.571664	105	3	0.15174	0.1691	0.4094	0.977091	419	5	0.15174
C11orf57	10	0.014484	0.064045	0.604194	106	3	0.1328	0.20394	0.4595	0.982282	467	4	0.1328
AIFM1	10	0.014759	0.065233	0.606298	107	6	-0.25908	0.00050034	0.0035099	0.250707	14	3	-0.25908
C20orf194	10	0.014832	0.06548	0.606298	108	6	-0.18387	0.60435	0.8196	0.999995	773	3	-0.18387
CAMTA2	10	0.015148	0.066629	0.611273	109	7	-0.26123	0.39489	0.66902	0.999995	632	2	-0.26123
C10orf2	10	0.016129	0.07053	0.639863	110	5	-0.18005	0.066377	0.21617	0.882932	244	2	-0.18005
ACTR3	10	0.01626	0.071025	0.639863	111	5	-0.2664	0.75658	0.89934	0.999995	862	1	-0.2664
C22orf28	10	0.01693	0.073698	0.643523	112	5	-0.25495	0.36276	0.64122	0.999995	602	3	-0.25495
C22orf46	10	0.016972	0.073886	0.643523	113	6	-0.3565	0.92447	0.96549	0.999995	934	1	-0.3565
C19orf43	10	0.017108	0.074559	0.643523	114	7	-0.23947	0.49808	0.75286	0.999995	705	1	-0.23947
ADIRF	10	0.017169	0.074817	0.643523	115	7	-0.31563	0.54142	0.78795	0.999995	737	2	-0.31563
ANKRD49	10	0.017374	0.07546	0.643523	116	3	0.41869	0.0036278	0.020035	0.477016	42	7	0.41869
C6orf223	10	0.01751	0.075975	0.643523	117	7	-0.30778	0.72795	0.88396	0.999995	844	2	-0.30778
CBX4	10	0.017658	0.07646	0.643523	118	4	0.10386	0.24166	0.51054	0.999995	508	5	0.10386
C19orf38	10	0.017698	0.076649	0.643523	119	7	-0.20482	0.15727	0.39219	0.975794	397	3	-0.20482
C6orf15	10	0.017865	0.077223	0.643523	120	6	-0.24789	0.74519	0.8932	0.999995	854	3	-0.24789
BORA	10	0.018423	0.079312	0.650447	121	4	0.204	0.3539	0.63371	0.999995	595	3	0.204
C8orf22	10	0.018466	0.07949	0.650447	122	7	-0.35341	0.99789	0.9977	0.999995	989	0	-0.35341
AGBL5	10	0.01863	0.080005	0.650447	123	7	-0.2907	0.64166	0.83855	0.999995	789	1	-0.2907
C1orf186	10	0.019135	0.081658	0.658536	124	5	-0.11619	0.43225	0.6991	0.999995	656	3	-0.11619
C1orf177	10	0.020116	0.085193	0.678842	125	7	-0.32731	0.85693	0.9369	0.999995	904	2	-0.32731
ANP32B	10	0.02033	0.086035	0.678842	126	3	0.042642	0.17152	0.41323	0.982282	420	4	0.042642
BAIAP2	10	0.02036	0.086213	0.678842	127	7	-0.22247	0.84541	0.93312	0.999995	898	1	-0.22247
C10orf107	10	0.020994	0.088569	0.691948	128	6	-0.35237	0.8288	0.92766	0.999995	889	1	-0.35237
C22orf39	10	0.021398	0.090114	0.698557	129	7	-0.33442	0.95778	0.97581	0.999995	943	1	-0.33442
C6orf132	10	0.021774	0.091252	0.700438	130	5	-0.31579	0.37597	0.65292	0.999995	611	4	-0.31579
C17orf58	10	0.02192	0.091757	0.700438	131	5	-0.33241	0.70469	0.87133	0.999995	828	2	-0.33241
C6orf136	10	0.022276	0.092767	0.702783	132	6	-0.31468	0.29008	0.57382	0.999995	546	2	-0.31468
CASC5	10	0.023575	0.096777	0.724804	133	5	-0.1	0.1875	0.43634	0.982282	442	5	-0.1
ASUN	10	0.023672	0.097124	0.724804	134	5	-0.55572	0.065543	0.21399	0.882932	241	3	-0.55572
CABYR	10	0.024543	0.09947	0.73627	135	6	-0.28909	0.33456	0.61588	0.999995	579	4	-0.28909
C10orf95	10	0.025232	0.1016	0.73627	136	4	-0.026642	0.19674	0.4494	0.982282	455	4	-0.026642
BUB1B	10	0.025377	0.10197	0.73627	137	6	-0.25974	0.18015	0.42558	0.982282	428	2	-0.25974
ANKRD11	10	0.025487	0.10225	0.73627	138	6	-0.3289	0.82716	0.92711	0.999995	887	2	-0.3289
C19orf40	10	0.025515	0.10234	0.73627	139	5	-0.25784	0.66208	0.84954	0.999995	799	3	-0.25784
ATR	10	0.026275	0.1044	0.745721	140	4	-0.18401	0.10344	0.29872	0.928561	319	2	-0.18401
AKT1S1	10	0.027186	0.10699	0.75876	141	4	0.19071	0.12038	0.33401	0.944193	349	5	0.19071
C8orf76	10	0.027555	0.10807	0.761086	142	6	-0.5713	0.031085	0.12434	0.74456	167	2	-0.5713
C17orf89	10	0.028254	0.11006	0.768736	143	4	-0.17581	0.61994	0.82752	0.999995	778	3	-0.17581
ARID3C	10	0.028463	0.1107	0.768736	144	6	-0.22607	0.85103	0.93491	0.999995	900	2	-0.22607
APBA1	10	0.028822	0.1118	0.771014	145	6	-0.31702	0.41989	0.68885	0.999995	651	1	-0.31702
C1orf61	10	0.030132	0.11586	0.785598	146	3	-0.077496	0.024253	0.10099	0.686974	147	3	-0.077496
C6orf165	10	0.030721	0.11731	0.785598	147	4	0.029981	0.46755	0.72831	0.999995	679	4	0.029981
C14orf93	10	0.030859	0.1177	0.785598	148	4	-0.11663	0.10306	0.29783	0.928561	318	2	-0.11663
ACAD9	10	0.03088	0.11778	0.785598	149	5	-0.24867	0.032057	0.12767	0.746598	171	3	-0.24867
BCCIP	10	0.031085	0.11823	0.785598	150	4	0.22735	0.12253	0.33838	0.944193	357	5	0.22735
C12orf73	10	0.031252	0.11876	0.785598	151	5	-0.20863	0.49438	0.74996	0.999995	702	3	-0.20863
BRCA1	10	0.031532	0.11941	0.785598	152	4	0.12979	0.17365	0.41617	0.982282	422	3	0.12979
ANAPC13	10	0.032057	0.12105	0.787384	153	5	-0.12949	0.05049	0.17751	0.826088	214	4	-0.12949
C19orf45	10	0.032315	0.12172	0.787384	154	6	-0.2694	0.98421	0.98579	0.999995	961	1	-0.2694
C7orf41	10	0.032483	0.12204	0.787384	155	6	-0.32149	0.22743	0.49138	0.99512	493	2	-0.32149
C1orf158	10	0.033071	0.12373	0.78744	156	5	0.015775	0.056823	0.19337	0.853993	225	5	0.015775
C11orf65	10	0.033079	0.12376	0.78744	157	6	-0.35161	0.15211	0.38421	0.975794	391	2	-0.35161
C2orf49	10	0.033598	0.12516	0.78744	158	6	-0.23555	0.28634	0.56957	0.999995	541	3	-0.23555
C15orf41	10	0.033615	0.1252	0.78744	159	4	0.056902	0.84033	0.93149	0.999995	896	2	0.056902
BIRC6	10	0.03477	0.12806	0.800402	160	5	-0.26508	0.9344	0.97062	0.999995	938	1	-0.26508
C15orf39	10	0.035309	0.12937	0.802436	161	5	-0.15945	0.7577	0.9	0.999995	864	2	-0.15945
C1orf233	10	0.035742	0.13059	0.802436	162	6	-0.35192	0.99865	0.99852	0.999995	991	0	-0.35192
AP3B2	10	0.035813	0.1308	0.802436	163	5	-0.34311	0.63038	0.83287	0.999995	784	1	-0.34311
ADRB1	10	0.036384	0.13228	0.80345	164	3	0.18333	0.16258	0.40028	0.975794	409	5	0.18333
ACTL6A	10	0.036469	0.13257	0.80345	165	6	-0.27488	0.37678	0.65358	0.999995	612	2	-0.27488
ACTRT3	10	0.037308	0.13493	0.80548	166	5	-0.35855	0.063132	0.20845	0.87828	237	3	-0.35855
C7orf62	10	0.037742	0.13627	0.80548	167	5	-0.16152	0.65502	0.84581	0.999995	797	3	-0.16152
CAMK1	10	0.037873	0.13661	0.80548	168	2	0.13958	0.18489	0.43275	0.982282	439	5	0.13958
APEX1	10	0.037888	0.13662	0.80548	169	5	-0.36025	0.91411	0.96039	0.999995	929	2	-0.36025
C16orf92	10	0.03818	0.13751	0.80548	170	5	-0.22297	0.98825	0.98867	0.999995	969	1	-0.22297
AIP	10	0.038526	0.13841	0.80548	171	6	-0.37984	0.49484	0.75035	0.999995	703	2	-0.37984
C1orf51	10	0.038702	0.139	0.80548	172	4	0.012532	0.52047	0.77076	0.999995	719	3	0.012532
BAG1	10	0.03884	0.13936	0.80548	173	4	-0.04721	0.51085	0.76318	0.999995	712	2	-0.04721
AKIRIN1	10	0.039142	0.14015	0.80548	174	5	-0.25627	0.37867	0.65529	0.999995	615	4	-0.25627
C4orf36	10	0.039423	0.14113	0.806478	175	6	-0.27542	0.98964	0.98982	0.999995	972	1	-0.27542
C3orf58	10	0.039877	0.14223	0.80814	176	6	-0.2377	0.41249	0.68313	0.999995	646	1	-0.2377
BMS1	10	0.041262	0.14623	0.814411	177	6	-0.27781	0.43981	0.70549	0.999995	660	2	-0.27781
AKIP1	10	0.041271	0.14625	0.814411	178	4	0.18058	0.1943	0.44578	0.982282	452	5	0.18058
AKAP8L	10	0.041402	0.14673	0.814411	179	5	-0.1525	0.86322	0.93919	0.999995	910	2	-0.1525
C18orf21	10	0.041727	0.14763	0.814411	180	4	0.0087958	0.50189	0.75587	0.999995	707	3	0.0087958
BRCC3	10	0.041733	0.14765	0.814411	181	2	0.12576	0.76432	0.90351	0.999995	867	1	0.12576
C2orf53	10	0.041966	0.14822	0.814411	182	6	-0.27367	0.98854	0.98889	0.999995	970	1	-0.27367
CC2D1B	10	0.043148	0.15143	0.825356	183	6	-0.45084	0.67817	0.85778	0.999995	808	3	-0.45084
C3orf37	10	0.043388	0.15209	0.825356	184	5	-0.37544	0.76268	0.90262	0.999995	865	3	-0.37544
C9orf123	10	0.043658	0.15289	0.825356	185	5	-0.21392	0.19316	0.44406	0.982282	450	3	-0.21392
C12orf56	10	0.044065	0.15398	0.825356	186	4	-0.13067	0.019347	0.083629	0.686974	118	3	-0.13067
BAZ2B	10	0.044203	0.15434	0.825356	187	6	-0.30738	0.85918	0.93768	0.999995	907	1	-0.30738
BLM	10	0.045579	0.15824	0.841716	188	2	0.24976	0.036906	0.14264	0.754702	189	5	0.24976
BRAT1	10	0.046399	0.1605	0.84802	189	6	-0.21408	0.78288	0.91361	0.999995	878	3	-0.21408
ACHE	10	0.046678	0.16112	0.84802	190	5	-0.053911	0.78459	0.91434	0.999995	879	2	-0.053911
BIRC5	10	0.048321	0.1653	0.865455	191	6	-0.26269	0.52213	0.77232	0.999995	721	3	-0.26269
C1orf123	10	0.051515	0.1736	0.904162	192	5	-0.23263	0.46728	0.72801	0.999995	678	4	-0.23263
ARVCF	10	0.053193	0.17799	0.922203	193	6	-0.30312	0.25399	0.52649	0.999995	515	3	-0.30312
C21orf58	10	0.0536	0.17903	0.922859	194	5	-0.15656	0.72326	0.88126	0.999995	842	2	-0.15656
C9orf173	10	0.054157	0.18039	0.925083	195	6	-0.29536	0.78908	0.9157	0.999995	880	2	-0.29536
AURKA	10	0.055285	0.18333	0.931812	196	3	0.29055	0.077515	0.24198	0.909681	266	6	0.29055
ARNTL2	10	0.055552	0.18404	0.931812	197	5	-0.20873	0.77745	0.91057	0.999995	874	3	-0.20873
C20orf111	10	0.056288	0.18607	0.931812	198	6	-0.24242	0.73621	0.88832	0.999995	851	1	-0.24242
C10orf114	10	0.056783	0.18748	0.931812	199	5	-0.25297	0.48852	0.74525	0.999995	691	4	-0.25297
C8orf37	10	0.057459	0.18922	0.931812	200	6	-0.28034	0.83384	0.92939	0.999995	893	1	-0.28034
AFF3	10	0.057459	0.18922	0.931812	201	4	-0.16724	0.5018	0.75581	0.999995	706	3	-0.16724
C14orf142	10	0.057966	0.19051	0.931812	202	6	-0.22719	0.59635	0.81601	0.999995	769	2	-0.22719
APITD1	10	0.058084	0.19082	0.931812	203	3	0.070208	0.19014	0.43984	0.982282	446	2	0.070208
C12orf49	10	0.058391	0.19173	0.931812	204	6	-0.23923	0.62212	0.82865	0.999995	781	2	-0.23923
ACTR1A	10	0.058638	0.1925	0.931812	205	5	0.042149	0.010281	0.049649	0.598175	83	5	0.042149
C19orf59	10	0.059004	0.19327	0.931812	206	6	-0.22394	0.93899	0.97158	0.999995	940	1	-0.22394
ARHGEF2	10	0.05916	0.19363	0.931812	207	4	-0.046285	0.3536	0.63334	0.999995	594	3	-0.046285
BRAP	10	0.059247	0.19382	0.931812	208	6	-0.25762	0.12658	0.34464	0.944193	364	3	-0.25762
C1QBP	10	0.060028	0.19592	0.934253	209	6	-0.32375	0.14605	0.37529	0.970615	386	2	-0.32375
C1orf106	10	0.060138	0.19619	0.934253	210	5	-0.11713	0.51504	0.76663	0.999995	713	3	-0.11713
C2orf72	10	0.061691	0.2	0.946922	211	6	-0.28817	0.54395	0.79	0.999995	738	4	-0.28817
CCDC103	10	0.062079	0.20075	0.946922	212	5	-0.21397	0.97443	0.98108	0.999995	955	1	-0.21397
C14orf1	10	0.062938	0.20291	0.948123	213	6	-0.29414	0.54763	0.79223	0.999995	742	3	-0.29414
ACO2	10	0.063042	0.2032	0.948123	214	3	0.23436	0.16133	0.39857	0.975794	405	5	0.23436
C15orf52	10	0.063306	0.20385	0.948123	215	5	-0.0065136	0.21481	0.47455	0.992781	478	5	-0.0065136
C17orf67	10	0.064918	0.20777	0.961886	216	5	-0.02639	0.12053	0.33429	0.944193	351	4	-0.02639
ALAS1	10	0.065832	0.21011	0.967124	217	6	-0.22202	0.98706	0.98762	0.999995	965	1	-0.22202
C12orf68	10	0.06665	0.2123	0.967124	218	2	0.27923	0.039292	0.14924	0.77408	191	5	0.27923
C14orf37	10	0.066809	0.21277	0.967124	219	4	-0.06003	0.29872	0.58461	0.999995	562	4	-0.06003
C11orf68	10	0.068862	0.21786	0.977272	220	6	-0.17468	0.23533	0.502	0.999995	499	4	-0.17468
CCDC101	10	0.069149	0.21846	0.977272	221	6	-0.28207	0.40624	0.67793	0.999995	642	4	-0.28207
CCDC113	10	0.069403	0.21909	0.977272	222	3	0.22031	0.10706	0.30612	0.928561	328	5	0.22031
C16orf89	10	0.069532	0.21942	0.977272	223	6	-0.18051	0.58243	0.80914	0.999995	764	2	-0.18051
BRAF	10	0.069681	0.21989	0.977272	224	4	-0.035429	0.87679	0.94467	0.999995	917	1	-0.035429
C2orf74	10	0.070885	0.2229	0.986266	225	6	-0.16175	0.039805	0.15054	0.77408	193	2	-0.16175
C11orf84	9	0.071565	0.21118	0.967124	226	5	-0.19453	0.009249	0.044757	0.57808	79	3	-0.19453
C5orf30	10	0.073061	0.22846	0.999965	227	5	-0.17785	0.83144	0.92855	0.999995	892	1	-0.17785
ARID1B	10	0.073209	0.22888	0.999965	228	5	-0.29125	0.63756	0.83643	0.999995	788	3	-0.29125
C10orf76	10	0.075256	0.23369	0.999965	229	6	-0.36611	0.75682	0.89955	0.999995	863	2	-0.36611
ASH1L	10	0.075865	0.23508	0.999965	230	6	-0.19634	0.70113	0.8695	0.999995	823	3	-0.19634
ATAD5	10	0.076127	0.23564	0.999965	231	5	-0.11606	0.011964	0.056153	0.637417	87	4	-0.11606
AURKAIP1	10	0.076357	0.2362	0.999965	232	5	-0.1699	0.97967	0.98328	0.999995	958	1	-0.1699
C4orf3	10	0.078231	0.24079	0.999965	233	6	-0.19733	0.96097	0.97666	0.999995	947	1	-0.19733
C1orf56	10	0.078266	0.24085	0.999965	234	4	-0.070888	0.18981	0.4394	0.982282	444	4	-0.070888
ALYREF	10	0.078337	0.2411	0.999965	235	6	-0.34447	0.76431	0.90348	0.999995	866	3	-0.34447
BRCA2	10	0.078643	0.24198	0.999965	236	4	-0.12655	0.39413	0.66846	0.999995	628	4	-0.12655
C17orf103	10	0.079104	0.24326	0.999965	237	5	-0.21277	0.32229	0.60535	0.999995	570	3	-0.21277
ARL4D	10	0.081095	0.24824	0.999965	238	5	-0.22675	0.90424	0.95597	0.999995	925	2	-0.22675
C11orf31	10	0.082145	0.25084	0.999965	239	6	-0.26279	0.98743	0.98795	0.999995	968	1	-0.26279
C10orf68	10	0.082356	0.25131	0.999965	240	5	-0.30231	0.35558	0.63517	0.999995	598	3	-0.30231
C10orf10	10	0.082468	0.25153	0.999965	241	6	-0.24767	0.6802	0.85886	0.999995	810	1	-0.24767
CBL	10	0.084337	0.255	0.999965	242	4	0.045605	0.74241	0.89185	0.999995	853	3	0.045605
CASP3	10	0.08453	0.25535	0.999965	243	4	-0.071948	0.86782	0.94118	0.999995	915	2	-0.071948
C11orf91	10	0.087001	0.25944	0.999965	244	4	-0.040794	0.41297	0.68344	0.999995	647	4	-0.040794
C19orf80	10	0.087171	0.25978	0.999965	245	5	-0.16621	0.42703	0.6946	0.999995	654	3	-0.16621
C11orf95	10	0.087297	0.26	0.999965	246	5	-0.18208	0.14267	0.36989	0.96576	383	2	-0.18208
C7orf49	10	0.087924	0.26087	0.999965	247	5	-0.22486	0.82973	0.92791	0.999995	890	2	-0.22486
C1orf112	10	0.088345	0.26164	0.999965	248	5	-0.16524	0.50208	0.75606	0.999995	708	4	-0.16524
C11orf54	10	0.088731	0.26237	0.999965	249	4	-0.026531	0.15383	0.3869	0.975794	393	4	-0.026531
CALML6	10	0.089696	0.26397	0.999965	250	5	-0.28756	0.99216	0.9922	0.999995	976	0	-0.28756
AUP1	10	0.090088	0.26464	0.999965	251	5	-0.12602	0.29128	0.57527	0.999995	548	4	-0.12602
ARHGAP22	10	0.09034	0.26515	0.999965	252	4	-0.089419	0.62064	0.82782	0.999995	779	2	-0.089419
C11orf93	10	0.090659	0.2657	0.999965	253	2	0.39167	0.016746	0.074559	0.686974	107	7	0.39167
C17orf74	10	0.090718	0.26581	0.999965	254	5	-0.14562	0.56189	0.7991	0.999995	752	3	-0.14562
CCDC108	10	0.091862	0.26781	0.999965	255	4	-0.070539	0.1722	0.41423	0.982282	421	2	-0.070539
AAAS	10	0.091876	0.26783	0.999965	256	5	-0.22824	0.85166	0.93504	0.999995	901	2	-0.22824
BIRC7	10	0.094877	0.27326	0.999965	257	5	-0.18273	0.62125	0.82816	0.999995	780	2	-0.18273
C19orf60	10	0.096816	0.27647	0.999965	258	4	-0.35487	0.89766	0.95315	0.999995	924	2	-0.35487
ARID3B	10	0.097409	0.27754	0.999965	259	5	-0.19451	0.64243	0.83899	0.999995	790	3	-0.19451
C14orf166	10	0.097534	0.27773	0.999965	260	5	-0.37833	0.91797	0.96228	0.999995	931	1	-0.37833
ANKLE2	10	0.097712	0.27807	0.999965	261	4	-0.15267	0.36673	0.64489	0.999995	606	3	-0.15267
C12orf23	10	0.098634	0.28003	0.999965	262	4	-0.089653	0.28077	0.56282	0.999995	535	2	-0.089653
BIRC2	10	0.098895	0.28053	0.999965	263	3	0.061301	0.2624	0.53769	0.999995	519	4	0.061301
C3orf38	10	0.099284	0.28112	0.999965	264	5	-0.076462	0.016393	0.073144	0.686974	106	2	-0.076462
BNIP2	10	0.10025	0.2827	0.999965	265	4	-0.032576	0.089734	0.26921	0.913341	293	4	-0.032576
CCDC104	10	0.10119	0.28436	0.999965	266	5	-0.22973	0.89725	0.95303	0.999995	922	2	-0.22973
C17orf107	10	0.10174	0.28539	0.999965	267	5	-0.24846	0.67317	0.85524	0.999995	803	2	-0.24846
C12orf57	10	0.10338	0.2884	0.999965	268	4	-0.14671	0.67593	0.85668	0.999995	806	3	-0.14671
C2orf88	10	0.10401	0.28945	0.999965	269	2	0.22653	0.11147	0.31525	0.933278	336	6	0.22653
C19orf47	10	0.10592	0.29259	0.999965	270	3	-0.014716	0.13469	0.35766	0.948722	376	3	-0.014716
ATP1A3	10	0.10605	0.29283	0.999965	271	5	-0.17828	0.32741	0.60978	0.999995	574	3	-0.17828
C21orf91	10	0.10662	0.29391	0.999965	272	5	-0.15395	0.76569	0.90421	0.999995	869	2	-0.15395
APTX	10	0.10889	0.29797	0.999965	273	5	-0.14549	0.93246	0.96968	0.999995	937	2	-0.14549
C17orf75	10	0.10891	0.298	0.999965	274	4	-0.18195	0.3302	0.61223	0.999995	576	2	-0.18195
ANKRD7	10	0.10923	0.29851	0.999965	275	5	-0.20141	0.23612	0.50291	0.999995	500	3	-0.20141
BNIPL	10	0.11059	0.30085	0.999965	276	4	-0.096461	0.96092	0.97665	0.999995	946	1	-0.096461
C19orf26	10	0.11136	0.30219	0.999965	277	5	-0.19407	0.58197	0.80895	0.999995	763	3	-0.19407
APLF	10	0.11503	0.30831	0.999965	278	4	0.026418	0.0015003	0.0092921	0.402268	23	4	0.026418
ATXN2L	10	0.11612	0.31048	0.999965	279	4	-0.23106	0.22758	0.49159	0.99512	494	4	-0.23106
ABL1	10	0.11692	0.31183	0.999965	280	5	-0.14242	0.19838	0.45179	0.982282	458	3	-0.14242
ALOX5	10	0.11707	0.31211	0.999965	281	5	-0.22325	0.49319	0.74905	0.999995	699	3	-0.22325
BATF2	10	0.11725	0.31241	0.999965	282	4	-0.23369	0.65495	0.84574	0.999995	796	2	-0.23369
C16orf55	10	0.11785	0.31343	0.999965	283	3	0.12712	0.17693	0.42101	0.982282	424	4	0.12712
C15orf26	10	0.12058	0.31831	0.999965	284	3	-0.058299	0.085131	0.25978	0.913341	278	4	-0.058299
C8orf82	10	0.12084	0.31874	0.999965	285	5	-0.093648	0.68109	0.85939	0.999995	811	3	-0.093648
CBX2	10	0.12091	0.31884	0.999965	286	3	0.07788	0.69382	0.86574	0.999995	817	3	0.07788
C7orf43	10	0.12119	0.31928	0.999965	287	3	0.069031	0.011451	0.054361	0.632109	86	5	0.069031
ANG	10	0.12142	0.31966	0.999965	288	4	0.010431	0.27532	0.55525	0.999995	528	4	0.010431
ANO7	10	0.1216	0.31992	0.999965	289	5	-0.1781	0.52793	0.77711	0.999995	729	2	-0.1781
C19orf12	10	0.12365	0.3234	0.999965	290	5	-0.16697	0.19805	0.45124	0.982282	456	4	-0.16697
C3orf52	10	0.12458	0.32496	0.999965	291	2	0.26623	0.067165	0.21808	0.882932	247	5	0.26623
ANKRD54	10	0.12538	0.32617	0.999965	292	4	-0.16426	0.45565	0.71875	0.999995	674	4	-0.16426
C1orf115	10	0.12727	0.32947	0.999965	293	3	0.084896	0.23704	0.50408	0.999995	502	4	0.084896
C9orf142	10	0.12997	0.33419	0.999965	294	4	-0.044799	0.13908	0.36451	0.964312	378	3	-0.044799
C10orf12	10	0.13029	0.33473	0.999965	295	3	-0.045949	0.86539	0.94015	0.999995	913	2	-0.045949
C14orf183	10	0.13222	0.33813	0.999965	296	5	-0.14369	0.047597	0.17066	0.820473	208	2	-0.14369
C2orf70	10	0.13248	0.33841	0.999965	297	4	-0.087163	0.87311	0.94324	0.999995	916	2	-0.087163
C20orf201	10	0.13335	0.33989	0.999965	298	5	-0.20244	0.22709	0.491	0.99512	492	3	-0.20244
C9orf163	10	0.13369	0.3405	0.999965	299	4	-0.14539	0.37139	0.64921	0.999995	608	4	-0.14539
C1orf210	10	0.13381	0.34079	0.999965	300	2	0.16241	0.51908	0.76977	0.999995	716	4	0.16241
C17orf85	10	0.13469	0.34233	0.999965	301	2	0.074501	0.44187	0.70722	0.999995	663	4	0.074501
CBX6	10	0.13771	0.34744	0.999965	302	5	-0.12883	0.2796	0.56127	0.999995	533	4	-0.12883
C4orf45	10	0.13836	0.34866	0.999965	303	3	0.088861	0.13161	0.35292	0.946155	373	4	0.088861
C9orf43	9	0.13846	0.34248	0.999965	304	4	-0.3072	0.28362	0.54555	0.999995	539	1	-0.3072
CAMK2N2	10	0.1399	0.351	0.999965	305	4	-0.0059542	0.37878	0.65538	0.999995	616	3	-0.0059542
BAZ1B	10	0.14218	0.35494	0.999965	306	5	-0.1237	0.18102	0.42697	0.982282	430	4	-0.1237
C6orf226	10	0.14268	0.35565	0.999965	307	5	-0.11896	0.857	0.93694	0.999995	905	2	-0.11896
C3orf62	10	0.14399	0.35809	0.999965	308	4	-0.11053	0.37813	0.65488	0.999995	614	3	-0.11053
ANP32E	10	0.14571	0.36104	0.999965	309	5	-0.06828	0.29375	0.57827	0.999995	551	3	-0.06828
AGPAT5	10	0.14621	0.36195	0.999965	310	5	-0.11706	0.81852	0.92414	0.999995	886	2	-0.11706
BRD4	10	0.14741	0.36378	0.999965	311	4	-0.073653	0.046538	0.16807	0.811953	206	4	-0.073653
C9orf135	10	0.14845	0.36557	0.999965	312	4	-0.048107	0.69898	0.86825	0.999995	821	3	-0.048107
C9orf129	10	0.14865	0.36581	0.999965	313	3	-0.016131	0.71408	0.87644	0.999995	834	3	-0.016131
APEH	10	0.14927	0.36704	0.999965	314	5	0.0067502	0.051322	0.17984	0.826892	217	4	0.0067502
C17orf47	10	0.15032	0.36874	0.999965	315	4	0.036522	0.91249	0.95962	0.999995	928	2	0.036522
C19orf66	10	0.15107	0.36979	0.999965	316	5	-0.22353	0.86072	0.93826	0.999995	909	2	-0.22353
C8orf31	10	0.15185	0.37083	0.999965	317	5	-0.13371	0.23188	0.49748	0.999995	497	3	-0.13371
CBFA2T3	10	0.1539	0.37437	0.999965	318	4	-0.14728	0.21796	0.47872	0.99384	481	4	-0.14728
AFMID	10	0.15411	0.37477	0.999965	319	5	-0.20053	0.72105	0.88005	0.999995	839	2	-0.20053
CAPS	10	0.15425	0.37496	0.999965	320	3	0.27036	0.020601	0.088183	0.686974	125	5	0.27036
C4orf29	10	0.15596	0.37796	0.999965	321	4	-0.065396	0.073324	0.23265	0.88567	261	4	-0.065396
CCDC117	10	0.15638	0.37866	0.999965	322	5	0.022661	0.0084752	0.042936	0.57808	72	5	0.022661
C20orf196	10	0.15641	0.37871	0.999965	323	2	0.22324	0.084569	0.2586	0.913341	276	5	0.22324
C11orf24	10	0.15644	0.37875	0.999965	324	5	-0.201	0.67096	0.85418	0.999995	802	2	-0.201
BNIP1	10	0.15676	0.37918	0.999965	325	5	-0.11939	0.74773	0.89456	0.999995	856	3	-0.11939
AVPI1	10	0.15867	0.38256	0.999965	326	5	-0.11729	0.38008	0.65643	0.999995	617	3	-0.11729
C14orf119	10	0.15867	0.38256	0.999965	327	5	-0.20124	0.86337	0.93928	0.999995	911	2	-0.20124
C14orf2	10	0.15898	0.38303	0.999965	328	5	-0.068599	0.50648	0.7596	0.999995	711	4	-0.068599
C11orf49	10	0.16161	0.38737	0.999965	329	4	-0.0048108	0.386	0.6616	0.999995	623	2	-0.0048108
CCDC106	10	0.16316	0.38982	0.999965	330	3	0.17766	0.086433	0.26243	0.913341	283	5	0.17766
C16orf13	10	0.16341	0.39019	0.999965	331	4	0.021254	0.35024	0.63027	0.999995	590	3	0.021254
BNC1	10	0.16424	0.39145	0.999965	332	2	0.12112	0.23858	0.50632	0.999995	503	4	0.12112
C8orf46	10	0.1646	0.39203	0.999965	333	3	-0.10349	0.36295	0.64136	0.999995	603	3	-0.10349
ANKS1A	10	0.16528	0.39308	0.999965	334	5	-0.16698	0.58379	0.80978	0.999995	766	2	-0.16698
C3orf33	10	0.16735	0.39593	0.999965	335	4	0.017448	0.20898	0.46651	0.983606	474	3	0.017448
C5orf34	10	0.16749	0.39605	0.999965	336	3	0.13645	0.10525	0.30254	0.928561	323	4	0.13645
AKAP13	10	0.16921	0.39892	0.999965	337	3	0.25585	0.20964	0.46721	0.983606	475	5	0.25585
C1orf35	10	0.16928	0.39902	0.999965	338	5	-0.19849	0.4453	0.71	0.999995	665	2	-0.19849
ACRC	10	0.16966	0.39963	0.999965	339	2	0.18874	0.0004407	0.0031139	0.239528	13	5	0.18874
BRPF3	10	0.17074	0.4016	0.999965	340	4	0.10003	0.12764	0.34643	0.944193	366	5	0.10003
C2orf68	10	0.17075	0.40161	0.999965	341	5	-0.16927	0.99235	0.99233	0.999995	977	0	-0.16927
C6orf62	10	0.17129	0.40243	0.999965	342	4	0.081204	0.25394	0.52639	0.999995	514	5	0.081204
C17orf53	10	0.17276	0.40478	0.999965	343	4	-0.055869	0.72625	0.88293	0.999995	843	3	-0.055869
C1orf95	10	0.17333	0.40566	0.999965	344	5	-0.14986	0.10085	0.29318	0.928561	314	4	-0.14986
ALDH6A1	10	0.17407	0.40685	0.999965	345	5	-0.18782	0.12556	0.34309	0.944193	362	4	-0.18782
ARFGAP1	10	0.17612	0.41019	0.999965	346	5	-0.18114	0.29518	0.58001	0.999995	552	3	-0.18114
CBLB	10	0.17693	0.41132	0.999965	347	4	0.059196	0.32895	0.61117	0.999995	575	4	0.059196
AEBP1	10	0.17782	0.41278	0.999965	348	4	-0.025595	0.65148	0.84389	0.999995	795	2	-0.025595
C22orf29	10	0.17795	0.413	0.999965	349	3	0.1737	0.19391	0.44517	0.982282	451	5	0.1737
CAND1	10	0.17825	0.41351	0.999965	350	4	-0.18001	0.21625	0.47645	0.99384	479	3	-0.18001
ATXN7L3	10	0.17848	0.4138	0.999965	351	2	0.22158	0.10633	0.30455	0.928561	326	5	0.22158
C1orf131	10	0.1795	0.41524	0.999965	352	4	0.048042	0.12929	0.34911	0.944193	369	4	0.048042
BRD2	10	0.17986	0.4158	0.999965	353	2	0.19049	0.0088095	0.044084	0.57808	74	5	0.19049
C15orf57	10	0.18023	0.41634	0.999965	354	3	0.18204	0.33845	0.61933	0.999995	580	3	0.18204
C9orf16	10	0.18099	0.41766	0.999965	355	5	-0.0080455	0.086237	0.26194	0.913341	282	4	-0.0080455
C4orf27	10	0.18102	0.41771	0.999965	356	4	0.096546	0.14706	0.37681	0.970615	387	5	0.096546
C15orf48	10	0.18119	0.41799	0.999965	357	5	-0.15166	0.98647	0.98731	0.999995	963	1	-0.15166
CCDC114	10	0.18133	0.41811	0.999965	358	5	-0.17085	0.61545	0.82529	0.999995	776	2	-0.17085
C1orf21	10	0.18166	0.41871	0.999965	359	4	-0.069491	0.49378	0.74958	0.999995	700	3	-0.069491
BAHD1	10	0.18349	0.42167	0.999965	360	4	-0.041391	0.26847	0.54634	0.999995	524	4	-0.041391
C1orf27	10	0.18473	0.42369	0.999965	361	4	-0.16992	0.54051	0.78728	0.999995	736	2	-0.16992
C11orf86	10	0.18511	0.42435	0.999965	362	4	-0.093612	0.25816	0.53215	0.999995	517	4	-0.093612
AGL	10	0.18576	0.42524	0.999965	363	4	-0.024253	0.19053	0.44036	0.982282	448	5	-0.024253
ACBD6	10	0.18612	0.42576	0.999965	364	5	-0.037693	0.082356	0.25372	0.913341	271	4	-0.037693
CAV2	10	0.18731	0.42755	0.999965	365	5	-0.21173	0.68833	0.86325	0.999995	813	3	-0.21173
C17orf49	10	0.18771	0.42812	0.999965	366	4	-0.01488	0.16137	0.39863	0.975794	406	3	-0.01488
C1orf54	10	0.18788	0.4284	0.999965	367	5	-0.040503	0.25328	0.52551	0.999995	513	5	-0.040503
C12orf60	10	0.18846	0.42914	0.999965	368	5	-0.077812	0.13138	0.35258	0.946155	372	4	-0.077812
AZI1	10	0.19118	0.4331	0.999965	369	5	-0.138	0.3883	0.6636	0.999995	625	3	-0.138
ANKRD37	10	0.1918	0.43408	0.999965	370	4	-0.12296	0.5523	0.79434	0.999995	746	3	-0.12296
ANKHD1	10	0.19215	0.43467	0.999965	371	5	-0.21807	0.29323	0.57765	0.999995	550	2	-0.21807
CABLES2	10	0.19254	0.43519	0.999965	372	5	-0.19602	0.99322	0.99327	0.999995	979	0	-0.19602
C3orf70	10	0.19428	0.43799	0.999965	373	5	-0.18523	0.3737	0.65118	0.999995	609	3	-0.18523
C11orf48	10	0.19561	0.44011	0.999965	374	4	-0.064369	0.96708	0.97847	0.999995	950	1	-0.064369
CBS	10	0.19613	0.44102	0.999965	375	4	0.32559	0.040575	0.15256	0.778032	195	6	0.32559
ADRM1	10	0.19627	0.44123	0.999965	376	5	-0.14488	0.55279	0.79459	0.999995	747	2	-0.14488
APEX2	10	0.19666	0.44186	0.999965	377	5	-0.14913	0.97815	0.98262	0.999995	956	1	-0.14913
BAZ1A	10	0.19783	0.44372	0.999965	378	4	0.096349	0.60109	0.81817	0.999995	771	3	0.096349
AGPAT3	10	0.19988	0.44674	0.999965	379	4	-0.19609	0.32471	0.60748	0.999995	571	3	-0.19609
ARID1A	10	0.20099	0.44838	0.999965	380	4	-0.041314	0.88187	0.94672	0.999995	920	2	-0.041314
CALB1	10	0.2015	0.44909	0.999965	381	4	-0.050038	0.08882	0.26734	0.913341	289	3	-0.050038
C22orf43	10	0.20223	0.45012	0.999965	382	5	-0.17488	0.35237	0.63227	0.999995	593	3	-0.17488
ALDH1B1	10	0.20343	0.45218	0.999965	383	5	-0.1317	0.73636	0.88839	0.999995	852	3	-0.1317
BLK	10	0.20399	0.45308	0.999965	384	3	-0.0081271	0.29589	0.58111	0.999995	554	4	-0.0081271
BIN3	10	0.20474	0.45415	0.999965	385	4	-0.08	0.45233	0.71577	0.999995	672	3	-0.08
C1orf52	10	0.20604	0.45622	0.999965	386	5	-0.0058763	0.077319	0.24161	0.909681	265	4	-0.0058763
CAPN3	10	0.2068	0.45736	0.999965	387	5	-0.066912	0.48281	0.74066	0.999995	689	3	-0.066912
ALKBH5	10	0.20993	0.46195	0.999965	388	4	-0.099028	0.70243	0.87015	0.999995	824	1	-0.099028
C12orf65	10	0.2109	0.46352	0.999965	389	4	-0.097738	0.58309	0.80951	0.999995	765	3	-0.097738
C1orf189	10	0.21273	0.46637	0.999965	390	4	0.020655	0.27948	0.56114	0.999995	532	5	0.020655
CA9	10	0.2141	0.46852	0.999965	391	4	-0.10597	0.20625	0.46276	0.9825	471	3	-0.10597
C9orf106	10	0.21439	0.46892	0.999965	392	5	-0.10934	0.47972	0.738	0.999995	686	2	-0.10934
ALOX5AP	10	0.21464	0.46923	0.999965	393	4	-0.041427	0.71399	0.87637	0.999995	833	2	-0.041427
C7orf10	10	0.21548	0.47044	0.999965	394	4	-0.045217	0.026428	0.10816	0.705966	153	4	-0.045217
ATXN7	10	0.21687	0.47237	0.999965	395	5	-0.17623	0.15284	0.38537	0.975794	392	3	-0.17623
BSPRY	10	0.2177	0.47363	0.999965	396	5	-0.045555	0.54481	0.79057	0.999995	740	3	-0.045555
CABP1	10	0.21811	0.47418	0.999965	397	5	0.021554	0.035737	0.13905	0.754702	183	4	0.021554
C15orf40	10	0.21941	0.47629	0.999965	398	4	-0.081023	0.8177	0.92394	0.999995	885	2	-0.081023
BNIP3L	10	0.21977	0.4767	0.999965	399	5	-0.088555	0.071178	0.22744	0.88567	254	2	-0.088555
CCDC109B	10	0.2215	0.47933	0.999965	400	4	-0.14208	0.35961	0.63851	0.999995	600	2	-0.14208
ABI1	10	0.22165	0.47955	0.999965	401	5	-0.17181	0.16496	0.40365	0.975794	412	2	-0.17181
ASF1B	10	0.22197	0.48007	0.999965	402	4	-0.076309	0.053511	0.18517	0.841697	220	3	-0.076309
ADAP1	10	0.22265	0.48111	0.999965	403	2	0.16591	0.20324	0.45846	0.982282	465	3	0.16591
C19orf35	10	0.22337	0.48229	0.999965	404	4	0.015838	0.082094	0.25319	0.913341	270	5	0.015838
C8orf58	10	0.2236	0.48262	0.999965	405	4	-0.16378	0.88054	0.9462	0.999995	919	2	-0.16378
C10orf128	10	0.22374	0.48288	0.999965	406	5	-0.041098	0.12409	0.34096	0.944193	360	4	-0.041098
ABCC1	10	0.2257	0.48525	0.999965	407	4	-0.087903	0.10797	0.30799	0.928561	331	3	-0.087903
C2orf42	10	0.22671	0.4864	0.999965	408	3	0.15981	0.34298	0.62335	0.999995	583	4	0.15981
BAG4	10	0.22735	0.48702	0.999965	409	4	0.3028	0.12181	0.33691	0.944193	355	5	0.3028
C6orf99	10	0.22935	0.48936	0.999965	410	3	-0.024993	0.44351	0.70851	0.999995	664	4	-0.024993
ANP32A	10	0.22938	0.48939	0.999965	411	4	-0.085479	0.86044	0.93814	0.999995	908	2	-0.085479
AIPL1	10	0.2297	0.48972	0.999965	412	4	-0.092738	0.39549	0.66961	0.999995	633	4	-0.092738
C19orf77	10	0.2306	0.49063	0.999965	413	3	-0.046658	0.37025	0.64809	0.999995	607	4	-0.046658
C12orf52	10	0.23129	0.49117	0.999965	414	3	-0.0031781	0.35472	0.63439	0.999995	597	4	-0.0031781
BCL6	10	0.23132	0.49119	0.999965	415	3	0.14676	0.16446	0.40295	0.975794	411	5	0.14676
C12orf4	10	0.23273	0.49268	0.999965	416	3	-0.051405	0.54398	0.79003	0.999995	739	1	-0.051405
C17orf62	10	0.23301	0.49291	0.999965	417	4	0.039608	0.41701	0.68678	0.999995	648	4	0.039608
BACH2	10	0.23373	0.49365	0.999965	418	4	-0.13179	0.5582	0.79724	0.999995	749	3	-0.13179
ACTL7A	10	0.23512	0.495	0.999965	419	3	0.017433	0.20857	0.46601	0.983606	473	4	0.017433
CBLC	10	0.23611	0.49594	0.999965	420	2	0.064556	0.26771	0.54535	0.999995	523	2	0.064556
C11orf35	10	0.23725	0.497	0.999965	421	3	0.01706	0.28787	0.57113	0.999995	544	4	0.01706
C2orf80	10	0.24088	0.50086	0.999965	422	3	0.11424	0.75652	0.89932	0.999995	861	3	0.11424
C4orf22	10	0.24127	0.5013	0.999965	423	2	0.0095877	0.0054913	0.029282	0.524841	55	3	0.0095877
C15orf60	10	0.24159	0.50157	0.999965	424	4	0.051154	0.47343	0.7332	0.999995	681	4	0.051154
C11orf30	10	0.24319	0.50313	0.999965	425	4	-0.061941	0.12323	0.3397	0.944193	358	4	-0.061941
ATP6V0A1	10	0.24704	0.50703	0.999965	426	4	-0.070696	0.28249	0.5647	0.999995	537	3	-0.070696
C1orf86	10	0.24859	0.50853	0.999965	427	4	-0.091823	0.40501	0.67692	0.999995	641	2	-0.091823
ASXL3	10	0.2496	0.50963	0.999965	428	4	-0.060968	0.23132	0.49672	0.999995	496	3	-0.060968
ANXA7	10	0.25013	0.51018	0.999965	429	4	0.020915	0.38333	0.65915	0.999995	620	3	0.020915
C12orf43	10	0.2536	0.51394	0.999965	430	3	-0.01697	0.80836	0.92097	0.999995	882	2	-0.01697
C15orf56	10	0.25529	0.51552	0.999965	431	3	0.18284	0.18931	0.43862	0.982282	443	5	0.18284
BTD	10	0.25552	0.51574	0.999965	432	4	0.011706	0.2248	0.4881	0.99512	487	4	0.011706
ALX3	10	0.25619	0.51642	0.999965	433	4	-0.12164	0.52463	0.77448	0.999995	724	3	-0.12164
C22orf26	10	0.25629	0.51649	0.999965	434	4	-0.022988	0.49407	0.74972	0.999995	701	3	-0.022988
AKT2	10	0.25706	0.51747	0.999965	435	2	0.17725	0.066182	0.21568	0.882932	243	5	0.17725
C17orf51	10	0.2626	0.52336	0.999965	436	4	-0.09825	0.43324	0.70009	0.999995	657	2	-0.09825
ABTB1	10	0.26285	0.52367	0.999965	437	4	-0.016783	0.34949	0.62972	0.999995	588	3	-0.016783
C15orf61	10	0.26638	0.52754	0.999965	438	4	-0.075697	0.76961	0.90636	0.999995	870	2	-0.075697
C19orf55	10	0.26692	0.52807	0.999965	439	4	0.074184	0.05916	0.19916	0.857625	232	3	0.074184
ANAPC1	10	0.26847	0.52984	0.999965	440	2	0.029426	0.023289	0.097649	0.686974	142	3	0.029426
C2orf82	10	0.26881	0.53026	0.999965	441	4	0.1459	0.20786	0.46501	0.983606	472	5	0.1459
BHLHE41	10	0.26949	0.53094	0.999965	442	4	-0.074338	0.3948	0.66894	0.999995	631	3	-0.074338
BRMS1L	10	0.27224	0.53408	0.999965	443	3	0.073799	0.25951	0.53415	0.999995	518	5	0.073799
C6orf203	10	0.27483	0.53688	0.999965	444	4	-0.026111	0.52096	0.77124	0.999995	720	3	-0.026111
API5	10	0.27708	0.5394	0.999965	445	4	-0.043521	0.098895	0.28922	0.928561	310	3	-0.043521
ATXN3	10	0.27765	0.53998	0.999965	446	3	0.049439	0.60218	0.81857	0.999995	772	3	0.049439
C16orf71	10	0.27866	0.5412	0.999965	447	4	-0.031969	0.081429	0.25163	0.913341	269	4	-0.031969
BRD3	10	0.27897	0.54159	0.999965	448	3	0.30075	0.014296	0.065134	0.658465	97	6	0.30075
ATF5	10	0.28263	0.54514	0.999965	449	4	0.0094722	0.2974	0.58291	0.999995	560	4	0.0094722
ACVR1B	10	0.28289	0.54536	0.999965	450	4	-0.067945	0.083448	0.25607	0.913341	273	3	-0.067945
BCL10	10	0.28441	0.54695	0.999965	451	4	0.0030549	0.53084	0.77963	0.999995	731	3	0.0030549
CBX7	10	0.28787	0.55001	0.999965	452	3	0.25719	0.094068	0.27859	0.917605	302	6	0.25719
ARHGAP35	10	0.28935	0.55149	0.999965	453	2	0.22994	0.11518	0.32288	0.94133	343	6	0.22994
ADAM12	10	0.29228	0.55429	0.999965	454	3	0.20184	0.091847	0.27365	0.915212	299	5	0.20184
BMI1	10	0.2923	0.55433	0.999965	455	4	-0.055005	0.18516	0.4332	0.982282	440	3	-0.055005
BABAM1	10	0.29347	0.5555	0.999965	456	3	0.03282	0.56666	0.80138	0.999995	758	2	0.03282
AEN	10	0.29358	0.55559	0.999965	457	4	-0.09513	0.52742	0.77666	0.999995	726	2	-0.09513
AP1AR	10	0.29791	0.5601	0.999965	458	3	-0.007074	0.3335	0.61504	0.999995	578	4	-0.007074
C17orf72	10	0.29923	0.5615	0.999965	459	4	0.24847	0.073848	0.23382	0.88567	264	5	0.24847
C9orf91	10	0.30129	0.56369	0.999965	460	4	0.17666	0.027164	0.11082	0.705966	156	5	0.17666
C10orf54	10	0.30155	0.5639	0.999965	461	4	-0.11391	0.80904	0.92114	0.999995	883	2	-0.11391
AIMP2	10	0.30233	0.56464	0.999965	462	4	-0.044097	0.9726	0.98045	0.999995	954	1	-0.044097
ALKBH8	10	0.30854	0.5712	0.999965	463	4	0.09461	0.28644	0.5697	0.999995	543	4	0.09461
C1orf192	10	0.30963	0.57247	0.999965	464	3	-0.13255	0.56501	0.80061	0.999995	754	3	-0.13255
AJUBA	10	0.31062	0.5733	0.999965	465	4	0.12854	0.083027	0.25521	0.913341	272	5	0.12854
AKAP8	10	0.31294	0.57578	0.999965	466	3	0.046992	0.15796	0.39328	0.975794	398	4	0.046992
ADH5	10	0.31322	0.57606	0.999965	467	4	0.097373	0.17952	0.42473	0.982282	427	4	0.097373
C3orf72	10	0.31326	0.5761	0.999965	468	4	0.27212	0.14457	0.37299	0.970615	384	5	0.27212
CASP9	10	0.31398	0.57694	0.999965	469	3	0.27692	0.069532	0.22354	0.88567	249	6	0.27692
ASXL1	10	0.31546	0.57846	0.999965	470	3	-0.023517	0.29813	0.58397	0.999995	561	4	-0.023517
ALKBH7	9	0.31564	0.56955	0.999965	471	3	-0.21145	0.5669	0.78092	0.999995	759	3	-0.21145
ASXL2	10	0.31897	0.58164	0.999965	472	3	0.14559	0.057034	0.19386	0.853993	227	3	0.14559
ANKRD23	10	0.32018	0.58294	0.999965	473	3	0.095913	0.097132	0.28493	0.925084	308	5	0.095913
C3orf80	10	0.32027	0.583	0.999965	474	4	-0.091515	0.034969	0.13675	0.754702	176	3	-0.091515
CAND2	10	0.32443	0.58703	0.999965	475	2	-0.0017064	0.67514	0.85625	0.999995	805	3	-0.0017064
BRMS1	10	0.326	0.58871	0.999965	476	3	-0.13546	0.42781	0.69534	0.999995	655	2	-0.13546
ADPRHL2	10	0.32622	0.58892	0.999965	477	3	0.063457	0.29671	0.58221	0.999995	558	5	0.063457
C11orf1	10	0.32755	0.59017	0.999965	478	2	0.061653	0.49612	0.75138	0.999995	704	4	0.061653
C3orf22	10	0.32921	0.59178	0.999965	479	4	-0.1209	0.99504	0.99479	0.999995	983	0	-0.1209
CALCOCO1	10	0.33106	0.59371	0.999965	480	2	0.20673	0.1276	0.34633	0.944193	365	5	0.20673
AAK1	10	0.33368	0.59624	0.999965	481	3	0.13215	0.0054182	0.028936	0.524841	54	4	0.13215
BLOC1S2	10	0.33502	0.59761	0.999965	482	4	-0.19266	0.12091	0.33506	0.944193	353	2	-0.19266
ADCY1	10	0.33884	0.60127	0.999965	483	3	0.17303	0.12587	0.34352	0.944193	363	4	0.17303
BLMH	10	0.33927	0.60183	0.999965	484	3	0.077326	0.51935	0.76989	0.999995	717	4	0.077326
CASP7	10	0.34156	0.60404	0.999965	485	2	0.10304	0.5505	0.79354	0.999995	744	3	0.10304
CACNA1A	10	0.34195	0.60441	0.999965	486	3	-0.043353	0.69025	0.86404	0.999995	815	3	-0.043353
ARL2BP	10	0.34197	0.60442	0.999965	487	1	0.1869	0.10903	0.31034	0.931957	333	5	0.1869
ALPK3	10	0.34334	0.60576	0.999965	488	2	-0.06019	0.025232	0.10439	0.692315	150	4	-0.06019
C12orf5	10	0.34351	0.60597	0.999965	489	2	0.11791	0.3414	0.62197	0.999995	581	4	0.11791
ADD3	10	0.34351	0.60598	0.999965	490	4	-0.049332	0.24704	0.51747	0.999995	510	3	-0.049332
C10orf25	10	0.34467	0.60735	0.999965	491	4	-0.081914	0.44865	0.71245	0.999995	669	3	-0.081914
C11orf82	10	0.34511	0.60777	0.999965	492	4	-0.22441	0.73287	0.88645	0.999995	847	2	-0.22441
BCL2L10	10	0.3454	0.608	0.999965	493	1	0.16352	0.18054	0.42623	0.982282	429	4	0.16352
ALS2CR8	10	0.34584	0.60848	0.999965	494	2	0.3926	0.012246	0.057233	0.637417	89	7	0.3926
C1orf100	10	0.34719	0.61004	0.999965	495	4	-0.042984	0.20512	0.46112	0.9825	469	4	-0.042984
C4orf21	10	0.34881	0.612	0.999965	496	2	-0.033202	0.12941	0.34935	0.944193	370	2	-0.033202
C6orf1	10	0.34894	0.61212	0.999965	497	4	-0.072922	0.83043	0.92812	0.999995	891	2	-0.072922
C12orf10	10	0.35176	0.61517	0.999965	498	4	-0.096116	0.56472	0.80052	0.999995	753	3	-0.096116
CCDC110	10	0.3522	0.61555	0.999965	499	1	0.16412	0.054345	0.18708	0.846535	221	5	0.16412
ATXN1	10	0.35338	0.61686	0.999965	500	4	-0.0092327	0.2864	0.56964	0.999995	542	3	-0.0092327
ANKRA2	10	0.3539	0.61744	0.999965	501	4	0.028458	0.34231	0.62277	0.999995	582	3	0.028458
BOLL	10	0.35552	0.61905	0.999965	502	4	-0.0017255	0.11347	0.31942	0.936718	341	4	-0.0017255
C20orf197	10	0.35606	0.61949	0.999965	503	4	0.029836	0.35151	0.63154	0.999995	591	4	0.029836
ACSL6	10	0.35726	0.62068	0.999965	504	3	0.12133	0.10353	0.29893	0.928561	320	5	0.12133
C16orf97	10	0.35787	0.62131	0.999965	505	4	-0.10672	0.57824	0.80707	0.999995	761	3	-0.10672
ASB9	10	0.35902	0.62244	0.999965	506	2	0.0061771	0.4905	0.74676	0.999995	694	1	0.0061771
ACVR2B	10	0.36008	0.62341	0.999965	507	4	0.12233	0.094745	0.27999	0.917605	304	5	0.12233
C5orf45	10	0.36304	0.62622	0.999965	508	4	0.026648	0.05151	0.18026	0.826892	218	4	0.026648
C2orf47	10	0.36572	0.62892	0.999965	509	4	-0.023349	0.15816	0.39368	0.975794	400	3	-0.023349
BRD1	10	0.36599	0.62917	0.999965	510	4	-0.087265	0.72261	0.88087	0.999995	840	2	-0.087265
ACTR5	10	0.36893	0.63227	0.999965	511	1	0.31965	0.10367	0.29922	0.928561	321	5	0.31965
C7orf55	10	0.36959	0.63302	0.999965	512	3	-0.057977	0.1828	0.42967	0.982282	434	3	-0.057977
C16orf91	10	0.37111	0.63463	0.999965	513	4	0.36923	0.017493	0.077381	0.686974	109	6	0.36923
C11orf88	10	0.37163	0.63517	0.999965	514	3	-0.16223	0.5061	0.7592	0.999995	709	2	-0.16223
ARL4C	10	0.37192	0.63551	0.999965	515	4	-0.090378	0.32677	0.60927	0.999995	573	3	-0.090378
BEX2	10	0.37289	0.63632	0.999965	516	3	0.011108	0.52256	0.77278	0.999995	722	3	0.011108
C7orf61	10	0.37327	0.63671	0.999965	517	4	-0.05409	0.59363	0.81494	0.999995	768	3	-0.05409
C8orf42	10	0.3737	0.63714	0.999965	518	3	-0.0065082	0.7044	0.87118	0.999995	827	3	-0.0065082
C9orf117	10	0.37551	0.63869	0.999965	519	3	0.10342	0.29694	0.58245	0.999995	559	5	0.10342
ATRAID	10	0.3764	0.63955	0.999965	520	4	0.055839	0.10369	0.29926	0.928561	322	4	0.055839
BET1L	10	0.37748	0.64068	0.999965	521	2	0.26602	0.095053	0.28048	0.917605	305	5	0.26602
BMPR2	10	0.3803	0.6433	0.999965	522	4	0.074995	0.0064868	0.034124	0.559406	61	3	0.074995
AGFG1	10	0.38063	0.64362	0.999965	523	3	-0.077399	0.479	0.73743	0.999995	685	3	-0.077399
C19orf21	10	0.38139	0.64433	0.999965	524	4	-0.11724	0.3995	0.67259	0.999995	639	4	-0.11724
C6orf10	10	0.38165	0.64448	0.999965	525	4	-0.12727	0.44844	0.71234	0.999995	668	4	-0.12727
BIRC3	10	0.383	0.64585	0.999965	526	4	-0.05819	0.37551	0.65254	0.999995	610	4	-0.05819
APOBEC3F	10	0.38332	0.64617	0.999965	527	2	0.34761	0.035455	0.13831	0.754702	181	7	0.34761
C1orf50	10	0.38409	0.64698	0.999965	528	4	0.26122	0.021752	0.092094	0.686974	131	6	0.26122
C2orf44	10	0.38419	0.64707	0.999965	529	3	0.056912	0.044201	0.16198	0.801858	202	4	0.056912
ARID4B	10	0.38463	0.64757	0.999965	530	2	-0.012578	0.035095	0.13713	0.754702	177	3	-0.012578
C1orf43	10	0.38485	0.64773	0.999965	531	4	0.0019141	0.73593	0.88816	0.999995	850	3	0.0019141
ATF6	10	0.38633	0.64924	0.999965	532	3	0.076979	0.18989	0.43953	0.982282	445	4	0.076979
ARHGAP39	10	0.38849	0.65139	0.999965	533	3	-0.058275	0.65045	0.8435	0.999995	794	3	-0.058275
ASCC1	10	0.38909	0.65192	0.999965	534	3	0.081033	0.44707	0.71126	0.999995	666	4	0.081033
C5orf55	10	0.38978	0.65272	0.999965	535	3	-0.05086	0.24936	0.52042	0.999995	511	3	-0.05086
ARAP1	10	0.38978	0.65272	0.999965	536	4	0.13238	0.2667	0.54386	0.999995	522	5	0.13238
BECN1	10	0.39136	0.65429	0.999965	537	3	0.22409	0.09059	0.27112	0.913341	295	5	0.22409
C9orf50	10	0.39362	0.65646	0.999965	538	4	-0.096284	0.77014	0.9066	0.999995	871	3	-0.096284
ATF3	10	0.39413	0.65692	0.999965	539	4	-0.17526	0.38523	0.66089	0.999995	622	2	-0.17526
ADAMTS5	10	0.3944	0.6571	0.999965	540	4	-0.067721	0.39426	0.6685	0.999995	629	3	-0.067721
ATF2	10	0.3946	0.65727	0.999965	541	3	0.047561	0.6484	0.84229	0.999995	791	3	0.047561
BCL2L13	10	0.39595	0.65858	0.999965	542	3	0.20956	0.13471	0.35767	0.948722	377	5	0.20956
ATP1B4	10	0.39603	0.65862	0.999965	543	4	0.11229	0.036818	0.14248	0.754702	188	4	0.11229
AMOT	10	0.39793	0.66026	0.999965	544	4	-0.042677	0.12852	0.34803	0.944193	367	4	-0.042677
APOBEC3B	10	0.39848	0.6607	0.999965	545	4	0.025016	0.81367	0.9226	0.999995	884	2	0.025016
CAMK2G	10	0.39862	0.6608	0.999965	546	4	0.091064	0.38327	0.65909	0.999995	619	4	0.091064
BOD1	10	0.40011	0.66221	0.999965	547	4	0.22328	0.073846	0.23381	0.88567	263	6	0.22328
CAB39L	10	0.40174	0.66371	0.999965	548	4	-0.11752	0.76471	0.90373	0.999995	868	3	-0.11752
CCDC111	10	0.40283	0.66461	0.999965	549	4	-0.055154	0.71087	0.87471	0.999995	830	3	-0.055154
APOBEC3H	10	0.40319	0.66495	0.999965	550	2	0.11494	0.20329	0.45855	0.982282	466	4	0.11494
BTF3	10	0.40471	0.66644	0.999965	551	3	-0.088758	0.40312	0.67532	0.999995	640	3	-0.088758
ADAM10	10	0.40501	0.66675	0.999965	552	3	-0.12842	0.41722	0.68691	0.999995	649	3	-0.12842
C16orf54	10	0.40583	0.66749	0.999965	553	4	-0.1089	0.48188	0.73992	0.999995	688	3	-0.1089
BATF3	10	0.40828	0.66993	0.999965	554	4	-0.14487	0.035938	0.13964	0.754702	184	2	-0.14487
ALOX15	10	0.40938	0.67085	0.999965	555	3	0.0042501	0.71294	0.8758	0.999995	832	3	0.0042501
C16orf52	10	0.41053	0.67184	0.999965	556	3	-0.062035	0.8588	0.93751	0.999995	906	2	-0.062035
ASPA	10	0.41083	0.67216	0.999965	557	3	0.056861	0.49268	0.7486	0.999995	698	3	0.056861
CCDC116	10	0.41116	0.67261	0.999965	558	2	-0.030446	0.059422	0.19983	0.857625	233	3	-0.030446
ALKBH3	10	0.41125	0.6727	0.999965	559	3	0.13448	0.39633	0.67022	0.999995	636	2	0.13448
ATF6B	10	0.41237	0.67372	0.999965	560	4	-0.20968	0.16749	0.40691	0.975794	417	3	-0.20968
ATXN2	10	0.41268	0.67398	0.999965	561	2	0.39291	0.014183	0.064668	0.658465	96	7	0.39291
CASP8AP2	10	0.41571	0.67672	0.999965	562	2	-0.038558	0.86671	0.94069	0.999995	914	2	-0.038558
BRWD1	10	0.41646	0.67732	0.999965	563	4	0.02105	0.55521	0.79578	0.999995	748	3	0.02105
C11orf71	10	0.41684	0.67785	0.999965	564	3	0.19204	0.049539	0.17534	0.826088	212	6	0.19204
BTRC	10	0.41743	0.67838	0.999965	565	4	0.0013938	0.021062	0.089797	0.686974	128	4	0.0013938
BCL3	10	0.41892	0.67946	0.999965	566	4	-0.085019	0.11785	0.32861	0.944193	346	2	-0.085019
C1orf185	10	0.4225	0.68262	0.999965	567	3	0.015268	0.065671	0.21436	0.882932	242	4	0.015268
C6orf47	10	0.42287	0.68296	0.999965	568	2	0.39475	0.020023	0.085955	0.686974	120	7	0.39475
C16orf62	10	0.42489	0.68488	0.999965	569	3	0.064365	0.85217	0.93528	0.999995	902	2	0.064365
BCL11A	10	0.42599	0.68601	0.999965	570	2	0.16376	0.066854	0.21737	0.882932	246	5	0.16376
CBY1	10	0.4266	0.68654	0.999965	571	3	0.2907	0.027808	0.11296	0.705972	160	6	0.2907
APPL1	10	0.42663	0.68655	0.999965	572	2	0.21552	0.12236	0.33808	0.944193	356	5	0.21552
CCDC11	9	0.42867	0.67041	0.999965	573	2	0.21511	0.042851	0.14984	0.77408	198	5	0.21511
ATOH8	10	0.42875	0.6888	0.999965	574	4	-0.062577	0.1951	0.44697	0.982282	453	2	-0.062577
C9orf37	10	0.42947	0.68948	0.999965	575	3	0.028514	0.18274	0.42956	0.982282	433	4	0.028514
C10orf111	10	0.43225	0.69201	0.999965	576	3	-0.03275	0.326	0.60871	0.999995	572	3	-0.03275
ADAR	10	0.43258	0.69233	0.999965	577	4	-0.094571	0.095243	0.28079	0.917605	306	2	-0.094571
ACAT2	10	0.4334	0.6933	0.999965	578	4	0.21609	0.1029	0.29748	0.928561	316	6	0.21609
C11orf58	10	0.43477	0.69449	0.999965	579	4	-0.026248	0.4416	0.70703	0.999995	662	4	-0.026248
APPBP2	10	0.43496	0.69461	0.999965	580	3	-0.10515	0.95943	0.97619	0.999995	944	1	-0.10515
ACTL6B	10	0.43504	0.69465	0.999965	581	3	-0.080153	0.35166	0.63169	0.999995	592	3	-0.080153
C18orf56	10	0.4377	0.69723	0.999965	582	3	0.085308	0.058377	0.19734	0.85605	230	4	0.085308
BARHL2	10	0.43832	0.69777	0.999965	583	4	0.023075	0.090659	0.27126	0.913341	297	4	0.023075
C17orf66	10	0.43935	0.69872	0.999965	584	3	-0.16173	0.99341	0.99348	0.999995	980	0	-0.16173
ACP1	10	0.43972	0.69904	0.999965	585	3	-0.11611	0.91551	0.96095	0.999995	930	2	-0.11611
C17orf59	10	0.441	0.70023	0.999965	586	2	0.18885	0.097036	0.28476	0.925084	307	6	0.18885
C5orf42	10	0.44166	0.70092	0.999965	587	3	0.18978	0.10791	0.30789	0.928561	329	6	0.18978
CC2D1A	10	0.44215	0.70145	0.999965	588	4	0.27295	0.066505	0.21652	0.882932	245	6	0.27295
ADRB3	10	0.44218	0.70147	0.999965	589	2	0.26391	0.029647	0.11967	0.734161	163	6	0.26391
C6orf163	10	0.44269	0.70197	0.999965	590	4	-0.11935	0.36366	0.64196	0.999995	605	3	-0.11935
AFF1	10	0.44318	0.70233	0.999965	591	3	0.12171	0.27695	0.55754	0.999995	530	5	0.12171
C5orf51	10	0.44381	0.70285	0.999965	592	3	0.35873	0.024088	0.10044	0.686974	146	6	0.35873
ALKBH4	10	0.44455	0.70357	0.999965	593	3	-0.0033973	0.57968	0.80777	0.999995	762	2	-0.0033973
AIFM3	10	0.44493	0.70396	0.999965	594	3	-0.11525	0.75502	0.89843	0.999995	860	2	-0.11525
C1orf122	10	0.44561	0.70444	0.999965	595	3	0.20272	0.0039071	0.021381	0.497237	43	5	0.20272
B9D2	10	0.44683	0.70541	0.999965	596	3	0.028665	0.3906	0.66541	0.999995	627	3	0.028665
AMHR2	10	0.44844	0.70682	0.999965	597	4	-0.02479	0.44084	0.70631	0.999995	661	3	-0.02479
ASCL3	10	0.45117	0.70931	0.999965	598	4	0.054846	0.29667	0.58218	0.999995	557	3	0.054846
C2CD2	10	0.45216	0.71048	0.999965	599	2	0.039573	0.47982	0.73806	0.999995	687	4	0.039573
C10orf35	10	0.4532	0.71153	0.999965	600	3	-0.14306	0.2369	0.5039	0.999995	501	1	-0.14306
C16orf45	10	0.45332	0.71163	0.999965	601	1	0.082671	0.73429	0.88726	0.999995	849	2	0.082671
C19orf57	10	0.45507	0.71327	0.999965	602	1	0.21832	0.08453	0.25856	0.913341	275	4	0.21832
CCDC105	10	0.45911	0.7162	0.999965	603	3	0.0081556	0.26264	0.53805	0.999995	520	5	0.0081556
C9orf116	10	0.46116	0.71742	0.999965	604	3	0.13168	0.5655	0.80076	0.999995	756	3	0.13168
CCDC102B	10	0.46379	0.71895	0.999965	605	3	0.050607	0.31218	0.59665	0.999995	566	4	0.050607
C8orf47	10	0.46499	0.71951	0.999965	606	3	0.080359	0.45216	0.71559	0.999995	671	2	0.080359
C14orf169	10	0.46541	0.71971	0.999965	607	3	0.038855	0.21871	0.4797	0.99384	482	4	0.038855
CAB39	10	0.46847	0.72142	0.999965	608	2	0.11113	0.057983	0.19623	0.85605	229	5	0.11113
C1orf87	10	0.46938	0.72201	0.999965	609	2	0.012072	0.094328	0.27916	0.917605	303	3	0.012072
C2orf15	10	0.47433	0.72491	0.999965	610	3	0.033273	0.21705	0.47747	0.99384	480	4	0.033273
CBFA2T2	10	0.47574	0.72574	0.999965	611	3	0.15299	0.18433	0.43189	0.982282	437	5	0.15299
BMP2K	10	0.47613	0.72599	0.999965	612	2	0.23549	0.073612	0.23326	0.88567	262	6	0.23549
AXIN2	10	0.48004	0.72805	0.999965	613	3	0.20775	0.092495	0.27518	0.917277	300	5	0.20775
ABHD14B	10	0.48446	0.73085	0.999965	614	2	0.12218	0.38897	0.66408	0.999995	626	4	0.12218
C7orf50	10	0.48656	0.73222	0.999965	615	2	0.26062	0.063659	0.20951	0.87828	238	6	0.26062
C5orf63	10	0.4905	0.73447	0.999965	616	3	-0.044301	0.69572	0.8666	0.999995	819	3	-0.044301
CBX5	10	0.49229	0.73563	0.999965	617	3	-0.071398	0.28344	0.56587	0.999995	538	3	-0.071398
AR	9	0.49253	0.71589	0.999965	618	3	0.50591	0.0018823	0.011203	0.402268	25	6	0.50591
BRD7	10	0.49467	0.73708	0.999965	619	3	0.096375	0.2106	0.46861	0.984473	476	4	0.096375
ADI1	10	0.49795	0.73894	0.999965	620	3	0.13196	0.15423	0.3875	0.975794	395	4	0.13196
AHR	10	0.5018	0.74123	0.999965	621	3	0.094413	0.014492	0.065847	0.658465	100	4	0.094413
C1orf226	10	0.50237	0.74159	0.999965	622	2	0.068086	0.23928	0.50714	0.999995	506	5	0.068086
APPL2	10	0.50613	0.74366	0.999965	623	3	0.14073	0.053485	0.1851	0.841697	219	5	0.14073
C1orf105	10	0.50654	0.74399	0.999965	624	3	0.0556	0.67963	0.85859	0.999995	809	3	0.0556
C5orf38	10	0.50663	0.74403	0.999965	625	2	0.15002	0.0052603	0.028193	0.524841	51	5	0.15002
APOBEC1	10	0.50743	0.74456	0.999965	626	3	0.086495	0.73381	0.88698	0.999995	848	3	0.086495
CBR3	10	0.5098	0.74592	0.999965	627	3	0.025974	0.75466	0.89815	0.999995	859	3	0.025974
C5orf15	10	0.51038	0.74619	0.999965	628	3	0.18592	0.11727	0.32746	0.944193	345	5	0.18592
C7orf31	10	0.51126	0.74686	0.999965	629	3	0.087616	0.47221	0.73227	0.999995	680	3	0.087616
ARL3	10	0.51214	0.74739	0.999965	630	3	0.15033	0.23863	0.50635	0.999995	504	5	0.15033
C9orf169	10	0.517	0.75004	0.999965	631	3	0.13438	0.39603	0.66995	0.999995	635	4	0.13438
C14orf159	10	0.51949	0.75147	0.999965	632	3	-0.178	0.023274	0.097629	0.686974	140	2	-0.178
C10orf11	10	0.52066	0.75205	0.999965	633	3	0.26185	0.084938	0.2593	0.913341	277	6	0.26185
C9orf139	10	0.52651	0.75596	0.999965	634	3	0.038686	0.4252	0.69301	0.999995	653	4	0.038686
ACVR2A	10	0.52996	0.758	0.999965	635	2	0.23685	0.056624	0.1928	0.853993	224	5	0.23685
C4orf48	10	0.53029	0.75814	0.999965	636	3	0.060307	0.40751	0.67908	0.999995	644	3	0.060307
C1orf228	10	0.53049	0.7583	0.999965	637	2	0.18218	0.0082558	0.042213	0.57808	66	5	0.18218
APOBEC3A	10	0.53148	0.75897	0.999965	638	2	0.12402	0.28566	0.56878	0.999995	540	4	0.12402
C19orf10	10	0.5335	0.7602	0.999965	639	3	0.1094	0.36062	0.63942	0.999995	601	4	0.1094
C2orf76	10	0.53461	0.76098	0.999965	640	2	0.13932	0.079573	0.24715	0.913341	267	4	0.13932
C4orf33	10	0.53552	0.7615	0.999965	641	2	0.13329	0.050521	0.17761	0.826088	215	4	0.13329
ALPK2	10	0.53768	0.76283	0.999965	642	2	0.26793	0.035401	0.13815	0.754702	180	7	0.26793
BCOR	10	0.54051	0.76452	0.999965	643	2	0.15126	0.15037	0.38181	0.975794	390	5	0.15126
C10orf120	10	0.54073	0.76467	0.999965	644	3	0.19079	0.022012	0.093144	0.686974	132	6	0.19079
C11orf85	10	0.54246	0.76562	0.999965	645	3	0.12894	0.18649	0.43495	0.982282	441	4	0.12894
C16orf58	10	0.54398	0.76661	0.999965	646	3	0.02324	0.6901	0.86401	0.999995	814	2	0.02324
C5orf22	10	0.54595	0.76765	0.999965	647	3	0.17485	0.16187	0.39922	0.975794	408	5	0.17485
C3orf30	10	0.54849	0.76943	0.999965	648	3	-0.076572	0.91997	0.96303	0.999995	932	2	-0.076572
ACVRL1	10	0.54938	0.76994	0.999965	649	1	0.22577	0.04505	0.1641	0.808394	203	6	0.22577
ALDH1A2	10	0.55021	0.7704	0.999965	650	3	0.326	0.056205	0.19178	0.853993	223	6	0.326
CABLES1	10	0.55087	0.7707	0.999965	651	2	0.10957	0.014419	0.065629	0.658465	99	3	0.10957
C6orf120	10	0.55279	0.77179	0.999965	652	2	0.11218	0.41928	0.6883	0.999995	650	4	0.11218
C11orf74	10	0.55421	0.77272	0.999965	653	3	0.10211	0.47613	0.7352	0.999995	684	3	0.10211
BCL9L	10	0.55617	0.77397	0.999965	654	2	0.15336	0.056993	0.19376	0.853993	226	5	0.15336
CAMTA1	10	0.5581	0.775	0.999965	655	2	0.0039744	0.71488	0.87695	0.999995	835	3	0.0039744
ARID5B	10	0.5582	0.77506	0.999965	656	3	0.094802	0.3153	0.59964	0.999995	568	4	0.094802
ANKRD32	10	0.55858	0.77532	0.999965	657	2	-0.083109	0.009786	0.047866	0.590942	81	3	-0.083109
C7orf60	10	0.56121	0.77697	0.999965	658	3	0.20608	0.023831	0.099609	0.686974	144	5	0.20608
ALKBH2	10	0.56352	0.7784	0.999965	659	2	0.23453	0.043993	0.1614	0.801858	201	6	0.23453
ALK	10	0.56382	0.77856	0.999965	660	2	0.17097	0.02033	0.087124	0.686974	122	6	0.17097
C7orf25	10	0.56524	0.77935	0.999965	661	1	0.1697	0.055133	0.18907	0.851686	222	5	0.1697
BTG4	10	0.56713	0.7806	0.999965	662	1	-0.0037675	0.30393	0.58904	0.999995	564	3	-0.0037675
C22orf31	10	0.56755	0.78082	0.999965	663	3	-0.043827	0.15978	0.39643	0.975794	403	4	-0.043827
AKNA	10	0.57088	0.78277	0.999965	664	2	0.32822	0.0044015	0.023946	0.507735	45	5	0.32822
C1orf227	10	0.57182	0.78344	0.999965	665	2	0.18553	0.18252	0.42927	0.982282	432	5	0.18553
AFF2	10	0.57304	0.7843	0.999965	666	2	0.29586	0.06393	0.21012	0.87828	239	6	0.29586
ABCB8	10	0.57317	0.78443	0.999965	667	3	0.40619	0.0022915	0.013431	0.406991	33	6	0.40619
APAF1	10	0.57554	0.78577	0.999965	668	2	0.194	0.088554	0.26681	0.913341	288	5	0.194
C9orf66	10	0.57922	0.78786	0.999965	669	2	0.13939	0.11991	0.33307	0.944193	348	3	0.13939
C1orf168	10	0.5796	0.78807	0.999965	670	3	0.054291	0.4894	0.7459	0.999995	692	2	0.054291
C1orf101	10	0.5806	0.78873	0.999965	671	2	0.017927	0.10025	0.292	0.928561	313	4	0.017927
ATRX	10	0.58152	0.78936	0.999965	672	1	0.47511	0.021	0.089569	0.686974	127	7	0.47511
C9orf96	10	0.58155	0.7894	0.999965	673	3	0.11896	0.30123	0.58704	0.999995	563	3	0.11896
C15orf27	10	0.58277	0.79001	0.999965	674	3	0.00777	0.1417	0.36845	0.96576	381	4	0.00777
AK1	10	0.5846	0.7912	0.999965	675	3	0.083364	0.020569	0.088025	0.686974	124	4	0.083364
C16orf96	10	0.5847	0.79126	0.999965	676	3	0.15815	0.026993	0.11015	0.705966	154	5	0.15815
C9orf72	10	0.58516	0.79154	0.999965	677	2	-0.00082901	0.22626	0.49004	0.99512	489	3	-0.00082901
AXIN1	10	0.5871	0.79272	0.999965	678	3	0.41905	0.023284	0.097649	0.686974	141	7	0.41905
C1orf172	10	0.58787	0.79316	0.999965	679	3	0.061232	0.43344	0.70032	0.999995	658	3	0.061232
BIVM	10	0.58922	0.79413	0.999965	680	3	0.13859	0.19592	0.44826	0.982282	454	4	0.13859
AKR1B1	10	0.59057	0.795	0.999965	681	2	0.10647	0.35686	0.63626	0.999995	599	4	0.10647
C19orf48	10	0.59288	0.79675	0.999965	682	3	-0.026569	0.022293	0.094144	0.686974	134	4	-0.026569
ANKRD42	10	0.59502	0.79791	0.999965	683	3	0.027118	0.19033	0.44012	0.982282	447	4	0.027118
ARID3A	10	0.59547	0.79817	0.999965	684	1	0.24591	0.00095086	0.0063614	0.35341	18	6	0.24591
C17orf80	10	0.59584	0.79832	0.999965	685	2	0.32846	0.0020642	0.012243	0.402268	29	6	0.32846
C11orf52	10	0.59647	0.79858	0.999965	686	2	0.09937	0.16713	0.40656	0.975794	416	4	0.09937
ALDH7A1	10	0.59672	0.79872	0.999965	687	3	0.018102	0.3944	0.66862	0.999995	630	4	0.018102
C4orf32	10	0.59768	0.79935	0.999965	688	1	0.1242	0.048564	0.17298	0.823692	210	5	0.1242
C1orf111	10	0.60244	0.80189	0.999965	689	2	0.17913	0.11965	0.33258	0.944193	347	6	0.17913
AMOTL1	10	0.60432	0.80303	0.999965	690	2	0.057615	0.59809	0.81683	0.999995	770	3	0.057615
C2orf78	10	0.60922	0.80618	0.999965	691	3	0.016022	0.6303	0.8328	0.999995	783	2	0.016022
BHLHA15	10	0.60949	0.80633	0.999965	692	3	-0.0013772	0.19837	0.45177	0.982282	457	3	-0.0013772
BARX2	10	0.61176	0.80774	0.999965	693	2	0.13568	0.11696	0.32678	0.944193	344	4	0.13568
ANKRD12	10	0.61392	0.80897	0.999965	694	2	0.13637	0.39858	0.67187	0.999995	638	4	0.13637
AXL	10	0.61453	0.8094	0.999965	695	2	0.11302	0.10294	0.29758	0.928561	317	5	0.11302
BLZF1	10	0.6162	0.81058	0.999965	696	3	0.27155	0.14069	0.36697	0.965698	380	5	0.27155
ALX1	10	0.61647	0.81078	0.999965	697	3	0.2039	0.1548	0.38835	0.975794	396	5	0.2039
AHNAK	10	0.6192	0.81264	0.999965	698	1	0.445	0.043585	0.16035	0.801757	200	6	0.445
CACUL1	10	0.62087	0.81352	0.999965	699	2	-0.11649	0.45622	0.71917	0.999995	675	2	-0.11649
C6orf141	10	0.62339	0.81516	0.999965	700	3	0.064116	0.33053	0.61251	0.999995	577	4	0.064116
C2orf73	10	0.62368	0.81526	0.999965	701	2	0.0073012	0.55849	0.7974	0.999995	750	3	0.0073012
C16orf70	10	0.62489	0.81599	0.999965	702	2	0.23265	0.046538	0.16807	0.811953	207	6	0.23265
C3orf20	10	0.62874	0.81845	0.999965	703	3	0.13475	0.099931	0.29123	0.928561	312	4	0.13475
BOK	10	0.6292	0.81869	0.999965	704	3	-0.028683	0.17795	0.42258	0.982282	425	4	-0.028683
ANXA11	10	0.63364	0.82151	0.999965	705	2	0.1476	0.14767	0.37757	0.970615	389	5	0.1476
ASB8	10	0.63365	0.82151	0.999965	706	3	-0.074992	0.68472	0.86104	0.999995	812	3	-0.074992
C11orf45	10	0.63536	0.82261	0.999965	707	2	0.34396	0.0044485	0.024134	0.507735	46	8	0.34396
C6orf195	10	0.63566	0.82277	0.999965	708	2	0.26621	0.14717	0.37695	0.970615	388	5	0.26621
ADARB1	10	0.63646	0.82332	0.999965	709	1	0.17896	0.14257	0.36975	0.96576	382	4	0.17896
BCORL1	10	0.63938	0.82514	0.999965	710	3	0.062481	0.16655	0.40568	0.975794	415	5	0.062481
C2CD4B	10	0.64094	0.82606	0.999965	711	3	-0.095637	0.63323	0.83434	0.999995	786	3	-0.095637
C14orf166B	10	0.64126	0.82627	0.999965	712	2	0.20738	0.03567	0.13882	0.754702	182	7	0.20738
C21orf33	10	0.64145	0.8264	0.999965	713	3	-0.043427	0.0024994	0.0145	0.426471	34	2	-0.043427
APLP2	10	0.64419	0.82823	0.999965	714	2	0.18135	0.036466	0.14139	0.754702	186	4	0.18135
ARID2	10	0.64429	0.82833	0.999965	715	3	0.12467	0.56755	0.80188	0.999995	760	3	0.12467
CCDC112	10	0.64584	0.82934	0.999965	716	3	0.096969	0.34404	0.62438	0.999995	585	4	0.096969
C6orf201	10	0.64609	0.82953	0.999965	717	3	-0.10127	0.20411	0.45971	0.982282	468	1	-0.10127
ARL6IP4	10	0.64814	0.83093	0.999965	718	3	-0.003208	0.080513	0.24937	0.913341	268	4	-0.003208
BCL9	10	0.64826	0.831	0.999965	719	2	0.051927	0.099907	0.29119	0.928561	311	4	0.051927
AEBP2	10	0.64953	0.8319	0.999965	720	2	0.078406	0.38357	0.65941	0.999995	621	3	0.078406
C6orf70	10	0.64992	0.83215	0.999965	721	2	0.19895	0.12502	0.34231	0.944193	361	5	0.19895
C16orf78	10	0.65202	0.8335	0.999965	722	2	0.25927	0.0020441	0.012134	0.402268	28	5	0.25927
ADK	10	0.65259	0.83385	0.999965	723	3	0.33084	0.0089495	0.044678	0.57808	76	5	0.33084
ACAD11	10	0.65302	0.83404	0.999965	724	3	-0.076153	0.95473	0.97507	0.999995	942	1	-0.076153
C10orf99	10	0.65325	0.83416	0.999965	725	3	0.16837	0.22668	0.49052	0.99512	491	5	0.16837
ALX4	10	0.65553	0.83558	0.999965	726	3	-0.077137	0.13293	0.35482	0.948053	374	1	-0.077137
BCAS3	10	0.6573	0.83677	0.999965	727	3	0.13065	0.25107	0.52264	0.999995	512	5	0.13065
ARHGEF11	10	0.66183	0.83974	0.999965	728	3	0.054446	0.20166	0.45618	0.982282	463	3	0.054446
CALCA	10	0.662	0.8398	0.999965	729	2	0.17379	0.085632	0.26067	0.913341	281	6	0.17379
CARD8	10	0.66397	0.84087	0.999965	730	2	0.060246	0.51832	0.76923	0.999995	715	3	0.060246
BTK	10	0.66593	0.84223	0.999965	731	2	0.35235	0.010096	0.049015	0.597742	82	6	0.35235
ARFGAP2	10	0.66608	0.84236	0.999965	732	3	0.25613	0.017604	0.077738	0.686974	110	5	0.25613
C12orf42	10	0.66757	0.84333	0.999965	733	3	0.15144	0.53516	0.78316	0.999995	733	4	0.15144
C15orf38	10	0.66857	0.84402	0.999965	734	3	-0.01645	0.74886	0.89521	0.999995	857	2	-0.01645
ASRGL1	10	0.66964	0.84472	0.999965	735	2	-0.032885	0.23104	0.49642	0.999995	495	3	-0.032885
BARD1	10	0.6708	0.84548	0.999965	736	3	0.3042	0.071765	0.22892	0.88567	256	6	0.3042
AFTPH	10	0.67096	0.84557	0.999965	737	2	-0.00813	0.2059	0.46224	0.9825	470	4	-0.00813
BCL6B	10	0.67234	0.84646	0.999965	738	2	0.29726	0.012364	0.057668	0.637417	90	7	0.29726
C6orf211	10	0.67565	0.84854	0.999965	739	2	0.089053	0.52767	0.77688	0.999995	728	4	0.089053
ASF1A	10	0.6762	0.84883	0.999965	740	2	0.14522	0.16855	0.4086	0.977091	418	5	0.14522
BAALC	10	0.67768	0.84983	0.999965	741	2	0.095503	0.13995	0.3657	0.964902	379	4	0.095503
AUNIP	10	0.67914	0.85076	0.999965	742	3	0.077528	0.20023	0.45425	0.982282	460	5	0.077528
C1orf159	10	0.67984	0.85128	0.999965	743	2	0.28141	0.026999	0.11018	0.705966	155	7	0.28141
C2orf57	10	0.68012	0.85146	0.999965	744	3	0.095815	0.56619	0.80112	0.999995	757	3	0.095815
AP5Z1	10	0.68158	0.85249	0.999965	745	3	0.2475	0.12325	0.33973	0.944193	359	6	0.2475
BATF	10	0.68351	0.85359	0.999965	746	3	0.11071	0.22563	0.48909	0.99512	488	5	0.11071
ADCK5	10	0.68625	0.85531	0.999965	747	2	0.11407	0.0032709	0.018193	0.443733	41	4	0.11407
AATK	10	0.68733	0.856	0.999965	748	2	0.34224	0.013062	0.060421	0.656748	92	7	0.34224
AGAP2	10	0.68813	0.8567	0.999965	749	2	0.011345	0.22663	0.49046	0.99512	490	3	0.011345
C5orf46	10	0.68905	0.85725	0.999965	750	3	-0.02723	0.52709	0.7764	0.999995	725	3	-0.02723
AIRE	10	0.6912	0.85838	0.999965	751	3	-0.037892	0.51509	0.7667	0.999995	714	3	-0.037892
BCL11B	10	0.69168	0.85869	0.999965	752	3	0.059892	0.030112	0.1213	0.735164	165	3	0.059892
C2orf40	10	0.69288	0.85944	0.999965	753	1	0.39082	0.023672	0.099104	0.686974	143	6	0.39082
ARRB2	10	0.69398	0.86015	0.999965	754	2	-0.0050444	0.20117	0.45545	0.982282	461	4	-0.0050444
C2orf43	10	0.6953	0.8609	0.999965	755	2	0.047834	0.15814	0.39364	0.975794	399	5	0.047834
C6orf89	10	0.69666	0.86164	0.999965	756	3	0.0062245	0.9211	0.9636	0.999995	933	2	0.0062245
AHRR	10	0.69837	0.86278	0.999965	757	2	0.053585	0.012441	0.058005	0.637417	91	4	0.053585
C9orf156	10	0.70106	0.86458	0.999965	758	2	0.17203	0.10681	0.30559	0.928561	327	6	0.17203
BCHE	10	0.7031	0.8658	0.999965	759	2	0.28693	0.011107	0.053084	0.631954	84	5	0.28693
ADCK4	10	0.70344	0.866	0.999965	760	1	0.40596	0.00062071	0.0043713	0.257135	17	8	0.40596
C1orf85	10	0.7037	0.86614	0.999965	761	3	-0.046833	0.63149	0.83356	0.999995	785	2	-0.046833
ACD	10	0.70444	0.86663	0.999965	762	3	0.036711	0.23925	0.5071	0.999995	505	2	0.036711
C5orf47	10	0.70478	0.86683	0.999965	763	1	0.30913	0.019891	0.085569	0.686974	119	6	0.30913
ATF1	10	0.70644	0.86775	0.999965	764	2	0.15507	0.12895	0.34868	0.944193	368	5	0.15507
C1orf162	10	0.70726	0.86838	0.999965	765	2	0.068112	0.53195	0.78051	0.999995	732	4	0.068112
C5orf48	10	0.70777	0.86876	0.999965	766	2	0.24737	0.022225	0.093866	0.686974	133	5	0.24737
C12orf54	10	0.70811	0.86898	0.999965	767	3	-0.041651	0.0014454	0.0090248	0.402268	21	3	-0.041651
ATF7	10	0.70905	0.86954	0.999965	768	2	0.41518	0.005924	0.031342	0.540372	58	6	0.41518
C1orf74	10	0.71019	0.87027	0.999965	769	3	-0.037006	0.11427	0.32105	0.938756	342	2	-0.037006
C17orf64	10	0.71087	0.87076	0.999965	770	3	0.035827	0.37794	0.65475	0.999995	613	4	0.035827
C19orf24	10	0.71204	0.87148	0.999965	771	2	-0.02934	0.63339	0.8344	0.999995	787	3	-0.02934
C9orf89	10	0.71248	0.87179	0.999965	772	3	0.5734	0.008404	0.042649	0.57808	70	7	0.5734
C16orf87	10	0.71639	0.87364	0.999965	773	2	0.10589	0.49014	0.74649	0.999995	693	4	0.10589
CALM1	10	0.71882	0.87447	0.999965	774	1	0.37649	0.008467	0.042916	0.57808	71	6	0.37649
BTBD8	10	0.71946	0.8747	0.999965	775	2	0.54414	0.008399	0.042639	0.57808	69	6	0.54414
C5orf54	10	0.7242	0.87644	0.999965	776	1	0.13574	0.69666	0.86703	0.999995	820	3	0.13574
BHLHE23	10	0.72608	0.87712	0.999965	777	1	0.19756	0.10591	0.30368	0.928561	324	5	0.19756
ADRA1B	10	0.72679	0.87741	0.999965	778	2	0.088669	0.14518	0.37408	0.970615	385	4	0.088669
C12orf29	10	0.72919	0.87826	0.999965	779	1	0.33707	0.0063357	0.03345	0.559406	59	7	0.33707
AHNAK2	10	0.73134	0.8789	0.999965	780	2	0.40334	0.0053072	0.02848	0.524841	53	8	0.40334
ARHGAP4	10	0.73141	0.87891	0.999965	781	2	-0.07516	0.83535	0.92978	0.999995	894	2	-0.07516
C1orf141	10	0.73318	0.87945	0.999965	782	2	0.14105	0.17537	0.41887	0.982282	423	5	0.14105
C19orf67	10	0.73379	0.87966	0.999965	783	1	0.43302	0.015725	0.07045	0.681978	102	6	0.43302
CCDC107	10	0.7347	0.87998	0.999965	784	1	0.013209	0.86351	0.93935	0.999995	912	2	0.013209
C1orf216	10	0.73501	0.88011	0.999965	785	2	0.072684	0.26874	0.54662	0.999995	525	5	0.072684
C8orf4	10	0.73591	0.88043	0.999965	786	1	-0.042211	0.040816	0.15327	0.778032	196	2	-0.042211
AFF4	10	0.7362	0.88056	0.999965	787	2	0.37596	0.0022005	0.012975	0.405476	32	8	0.37596
C1orf173	10	0.74159	0.88262	0.999965	788	1	-0.029715	0.89737	0.95306	0.999995	923	2	-0.029715
ANKS1B	10	0.74307	0.88311	0.999965	789	1	0.21363	0.027705	0.1126	0.705972	159	7	0.21363
CAMK2B	10	0.74539	0.88386	0.999965	790	2	0.21447	0.1125	0.31744	0.933649	340	6	0.21447
CABIN1	10	0.74541	0.88387	0.999965	791	2	0.36658	0.015801	0.070807	0.681978	103	6	0.36658
ATN1	10	0.74724	0.88455	0.999965	792	2	-0.085509	0.47601	0.73508	0.999995	683	4	-0.085509
ALPK1	10	0.74976	0.88534	0.999965	793	1	0.34046	0.022978	0.096569	0.686974	138	7	0.34046
AQP1	10	0.75092	0.88575	0.999965	794	2	0.11384	0.47493	0.73423	0.999995	682	4	0.11384
ARNT	10	0.75161	0.886	0.999965	795	2	-0.031605	0.015824	0.070926	0.681978	104	3	-0.031605
ADAD1	10	0.75234	0.88627	0.999965	796	1	0.065162	0.44937	0.71309	0.999995	670	4	0.065162
C1orf63	10	0.75411	0.887	0.999965	797	2	0.2619	0.005286	0.02845	0.524841	52	8	0.2619
C20orf27	10	0.75546	0.88769	0.999965	798	1	0.43669	0.0090567	0.045183	0.57808	77	6	0.43669
C12orf76	10	0.75826	0.88867	0.999965	799	2	0.035354	0.16549	0.40435	0.975794	413	4	0.035354
ADH7	10	0.75884	0.88891	0.999965	800	2	-0.020819	0.71689	0.87786	0.999995	836	2	-0.020819
BEX4	9	0.76264	0.87396	0.999965	801	1	0.20007	0.017915	0.077173	0.686974	112	5	0.20007
C4orf19	10	0.76999	0.89299	0.999965	802	2	0.16309	0.42056	0.68935	0.999995	652	4	0.16309
C17orf97	10	0.77079	0.89326	0.999965	803	2	0.24302	0.089441	0.26853	0.913341	292	5	0.24302
BCKDK	10	0.77553	0.89514	0.999965	804	1	0.35593	0.0019108	0.01145	0.402268	26	7	0.35593
ARGFX	10	0.77657	0.89551	0.999965	805	2	0.32393	0.014111	0.064421	0.658465	95	7	0.32393
ANGPT2	10	0.77838	0.89615	0.999965	806	2	0.21743	0.091825	0.27361	0.915212	298	5	0.21743
ARHGEF10	10	0.77889	0.89638	0.999965	807	1	0.24018	0.27999	0.56182	0.999995	534	4	0.24018
C3orf18	10	0.78043	0.89711	0.999965	808	2	0.07259	0.48513	0.74272	0.999995	690	3	0.07259
ABLIM2	10	0.78253	0.89784	0.999965	809	2	0.19887	0.039477	0.14979	0.77408	192	5	0.19887
APOA1	10	0.78323	0.89821	0.999965	810	2	0.14362	0.29284	0.57703	0.999995	549	4	0.14362
CAMKK1	10	0.786	0.89919	0.999965	811	1	0.13865	0.16181	0.39913	0.975794	407	5	0.13865
C20orf96	10	0.78685	0.89947	0.999965	812	2	0.10283	0.090611	0.27116	0.913341	296	4	0.10283
C2orf62	10	0.78971	0.90062	0.999965	813	1	0.05016	0.39807	0.6715	0.999995	637	4	0.05016
C6orf52	10	0.78996	0.90072	0.999965	814	2	0.10275	0.49213	0.74813	0.999995	697	3	0.10275
C14orf28	10	0.79629	0.90329	0.999965	815	2	0.044079	0.4917	0.74774	0.999995	696	3	0.044079
ALKBH6	10	0.79888	0.90416	0.999965	816	2	0.11525	0.26287	0.53848	0.999995	521	5	0.11525
ANKK1	10	0.79959	0.90441	0.999965	817	2	0.64681	8.797e-05	0.00065842	0.131683	5	7	0.64681
C19orf44	10	0.80076	0.90486	0.999965	818	2	0.15638	0.069421	0.22328	0.88567	248	5	0.15638
C20orf78	10	0.80216	0.90536	0.999965	819	1	0.087078	0.089118	0.26792	0.913341	291	4	0.087078
C7orf29	10	0.80355	0.906	0.999965	820	1	0.0044092	0.071634	0.22852	0.88567	255	3	0.0044092
C11orf42	10	0.80976	0.90835	0.999965	821	2	0.23137	0.112	0.31628	0.933278	338	6	0.23137
CALCOCO2	10	0.81013	0.90853	0.999965	822	2	0.081378	0.22345	0.48643	0.99512	485	4	0.081378
C19orf33	10	0.812	0.90935	0.999965	823	2	-0.023203	0.13337	0.35552	0.948053	375	3	-0.023203
BARHL1	10	0.81348	0.90991	0.999965	824	2	0.26563	0.022755	0.095718	0.686974	136	6	0.26563
C11orf53	10	0.81367	0.91	0.999965	825	2	0.0024086	0.25515	0.52797	0.999995	516	3	0.0024086
AIF1	10	0.81477	0.91059	0.999965	826	2	0.30451	0.083659	0.25658	0.913341	274	6	0.30451
C9orf40	10	0.81765	0.91181	0.999965	827	1	0.34144	0.02476	0.10267	0.692315	148	7	0.34144
BAX	10	0.81842	0.91202	0.999965	828	2	0.335	0.040035	0.15095	0.77408	194	5	0.335
C10orf82	10	0.82467	0.91478	0.999965	829	1	0.2251	0.045764	0.16614	0.810456	205	6	0.2251
ASCL1	10	0.82555	0.91513	0.999965	830	2	-0.060951	0.15398	0.38707	0.975794	394	4	-0.060951
ARL8A	10	0.83002	0.91699	0.999965	831	1	0.13904	0.24306	0.51227	0.999995	509	4	0.13904
CAPN7	10	0.83008	0.91701	0.999965	832	2	0.09561	0.21895	0.48002	0.99384	483	4	0.09561
C3orf67	10	0.83365	0.9188	0.999965	833	1	0.067468	0.24144	0.51027	0.999995	507	5	0.067468
ANKRD6	10	0.83384	0.91894	0.999965	834	1	0.44872	0.0083492	0.04253	0.57808	68	6	0.44872
C11orf63	10	0.834	0.919	0.999965	835	2	0.31394	0.0045037	0.024371	0.507735	48	8	0.31394
C1orf94	10	0.83563	0.91965	0.999965	836	1	0.24447	0.005512	0.029391	0.524841	56	8	0.24447
C2orf48	10	0.83602	0.91983	0.999965	837	2	0.16503	0.18138	0.42745	0.982282	431	5	0.16503
BMPR1B	10	0.83817	0.92078	0.999965	838	1	0.34545	0.0051708	0.027777	0.524841	50	8	0.34545
ARNT2	10	0.84	0.92166	0.999965	839	2	0.26246	0.070556	0.22613	0.88567	252	6	0.26246
C1orf53	10	0.84164	0.9224	0.999965	840	2	0.10732	0.34312	0.62344	0.999995	584	3	0.10732
A1CF	10	0.84334	0.9231	0.999965	841	2	0.074754	0.098634	0.28861	0.928561	309	5	0.074754
BBX	10	0.84781	0.92503	0.999965	842	2	0.44274	0.0013195	0.0082624	0.402268	20	8	0.44274
C12orf39	10	0.84806	0.92512	0.999965	843	2	0.21538	0.088424	0.26654	0.913341	287	6	0.21538
APOBEC3G	10	0.85057	0.92622	0.999965	844	2	0.11445	0.12057	0.33442	0.944193	352	4	0.11445
C2orf54	10	0.85377	0.92753	0.999965	845	1	-0.072014	0.49159	0.74766	0.999995	695	4	-0.072014
AURKC	10	0.85571	0.92847	0.999965	846	1	0.21364	0.0064295	0.033896	0.559406	60	5	0.21364
C12orf66	10	0.85866	0.92981	0.999965	847	1	0.49485	0.00032326	0.0023218	0.211071	11	7	0.49485
ADD1	10	0.85884	0.9299	0.999965	848	2	0.18413	0.1992	0.4529	0.982282	459	5	0.18413
C9orf3	10	0.8591	0.93001	0.999965	849	2	0.1435	0.090078	0.26999	0.913341	294	5	0.1435
C8orf34	10	0.85925	0.93015	0.999965	850	2	0.016528	0.61285	0.82387	0.999995	775	2	0.016528
BNIP3	10	0.85935	0.93018	0.999965	851	1	0.2909	0.020079	0.086173	0.686974	121	5	0.2909
C20orf85	10	0.85969	0.93033	0.999965	852	1	0.13667	0.11008	0.31249	0.933278	334	5	0.13667
AKR1C3	10	0.86224	0.9317	0.999965	853	1	0.4259	0.018132	0.079599	0.686974	113	6	0.4259
ADRBK2	10	0.86374	0.93237	0.999965	854	1	0.29419	0.017698	0.078094	0.686974	111	7	0.29419
C9orf153	10	0.86496	0.933	0.999965	855	2	0.087863	0.23321	0.49931	0.999995	498	4	0.087863
ARX	10	0.86553	0.93337	0.999965	856	2	0.25009	0.051301	0.17977	0.826892	216	6	0.25009
ARNTL	10	0.86589	0.93355	0.999965	857	1	0.17635	0.032615	0.12941	0.752389	172	5	0.17635
C4orf17	10	0.8672	0.9343	0.999965	858	1	0.061394	0.032989	0.13074	0.754702	173	4	0.061394
C9orf24	10	0.87174	0.93658	0.999965	859	2	0.26898	0.072553	0.23082	0.88567	258	6	0.26898
AKAP11	10	0.87294	0.93725	0.999965	860	2	0.17115	0.043228	0.15942	0.80111	199	5	0.17115
CAMK2D	10	0.87393	0.93772	0.999965	861	2	0.41296	0.0048571	0.026153	0.524841	49	8	0.41296
ATF7IP2	10	0.87462	0.93801	0.999965	862	2	0.31962	0.031758	0.12665	0.746598	169	6	0.31962
BARX1	10	0.87489	0.9381	0.999965	863	2	0.059025	0.014338	0.065312	0.658465	98	4	0.059025
ACTN4	10	0.87543	0.93845	0.999965	864	2	0.28976	0.0092032	0.045668	0.57808	78	7	0.28976
C18orf8	10	0.87744	0.93949	0.999965	865	2	0.040123	0.45785	0.72071	0.999995	676	3	0.040123
ATAD2	10	0.87904	0.94043	0.999965	866	2	0.23804	0.087412	0.26457	0.913341	284	6	0.23804
CASZ1	10	0.88098	0.94144	0.999965	867	1	0.35811	0.0059016	0.031243	0.540372	57	7	0.35811
C2orf50	10	0.8814	0.94166	0.999965	868	2	0.05452	0.34658	0.62673	0.999995	586	3	0.05452
BASP1	10	0.88474	0.94327	0.999965	869	2	0.4696	0.0017333	0.010609	0.402268	24	6	0.4696
ANKRD28	10	0.8855	0.94358	0.999965	870	2	0.12896	0.54706	0.79187	0.999995	741	3	0.12896
CAMK2A	10	0.88701	0.9443	0.999965	871	2	0.14129	0.020391	0.087441	0.686974	123	5	0.14129
ASZ1	10	0.88731	0.94446	0.999965	872	1	0.35938	0.017093	0.075926	0.686974	108	6	0.35938
APBB1	10	0.88759	0.94459	0.999965	873	1	0.43497	0.01886	0.081916	0.686974	116	7	0.43497
C16orf86	10	0.88773	0.94464	0.999965	874	1	0.25927	0.022629	0.095381	0.686974	135	7	0.25927
AIMP1	10	0.88813	0.94489	0.999965	875	2	0.026187	0.048454	0.17273	0.823692	209	3	0.026187
APC	10	0.88924	0.94541	0.999965	876	2	0.23212	0.10797	0.30799	0.928561	330	6	0.23212
ASCC3	10	0.88954	0.94557	0.999965	877	1	0.25406	0.012068	0.05651	0.637417	88	6	0.25406
C15orf54	10	0.88995	0.94582	0.999965	878	2	0.17108	0.27147	0.55031	0.999995	526	5	0.17108
BHLHE40	10	0.89047	0.94608	0.999965	879	2	0.44534	0.0027787	0.015787	0.43651	36	6	0.44534
C22orf23	10	0.89265	0.94718	0.999965	880	2	0.16312	0.089061	0.26782	0.913341	290	5	0.16312
BRSK1	10	0.89373	0.94784	0.999965	881	2	0.18715	0.022897	0.096213	0.686974	137	7	0.18715
C11orf96	10	0.89466	0.94841	0.999965	882	1	0.1515	0.018987	0.082312	0.686974	117	4	0.1515
AIM2	10	0.89632	0.9494	0.999965	883	2	0.18458	0.11082	0.31397	0.933278	335	6	0.18458
C10orf137	10	0.89663	0.94954	0.999965	884	1	0.26591	0.042802	0.15848	0.800405	197	6	0.26591
C14orf180	10	0.90023	0.95155	0.999965	885	2	0.067692	0.2905	0.57429	0.999995	547	4	0.067692
CAPG	10	0.90058	0.95174	0.999965	886	1	0.15256	0.00052679	0.003797	0.253135	15	4	0.15256
C9orf171	10	0.90192	0.95251	0.999965	887	2	-0.062143	0.10163	0.29487	0.928561	315	2	-0.062143
AFAP1L2	10	0.90214	0.95262	0.999965	888	2	0.29633	0.085522	0.26052	0.913341	280	6	0.29633
C16orf11	10	0.90392	0.95306	0.999965	889	1	0.26143	0.024924	0.10331	0.692315	149	7	0.26143
CALR	10	0.90773	0.95381	0.999965	890	1	0.048994	0.43695	0.70313	0.999995	659	4	0.048994
ADRB2	10	0.9104	0.95442	0.999965	891	1	0.059615	0.53841	0.78554	0.999995	735	3	0.059615
ANO2	10	0.91583	0.95571	0.999965	892	1	0.07165	0.31351	0.59797	0.999995	567	2	0.07165
BANF2	10	0.91626	0.95581	0.999965	893	1	0.31338	0.030048	0.12108	0.735164	164	7	0.31338
ATP2A3	10	0.91828	0.95635	0.999965	894	1	0.31625	0.059978	0.20117	0.859715	234	5	0.31625
ACSS2	10	0.91933	0.95648	0.999965	895	1	0.26012	0.021192	0.090272	0.686974	130	7	0.26012
CAMK4	10	0.92388	0.9575	0.999965	896	1	0.31185	0.0089489	0.044668	0.57808	75	7	0.31185
C1orf198	10	0.92707	0.95832	0.999965	897	1	0.12378	0.50614	0.75924	0.999995	710	4	0.12378
ACTN1	10	0.9283	0.95854	0.999965	898	1	0.1878	0.085476	0.26045	0.913341	279	4	0.1878
BAIAP2L1	10	0.9356	0.96052	0.999965	899	1	0.16313	0.20143	0.45578	0.982282	462	5	0.16313
ADRBK1	10	0.93711	0.96105	0.999965	900	1	0.42894	0.0031312	0.01746	0.43651	40	7	0.42894
BSN	9	0.93739	0.9515	0.999965	901	1	0.0093486	0.071066	0.22261	0.88567	253	4	0.0093486
ANK3	10	0.94067	0.9622	0.999965	902	1	0.11212	0.0071606	0.037767	0.57808	63	5	0.11212
BLVRB	10	0.94168	0.96257	0.999965	903	1	0.30782	0.018728	0.08151	0.686974	115	7	0.30782
ADRA1A	10	0.94207	0.96269	0.999965	904	1	0.0012515	0.0074814	0.038975	0.57808	64	4	0.0012515
ASCL2	10	0.94359	0.96328	0.999965	905	1	0.30652	0.038575	0.14716	0.77408	190	6	0.30652
BLCAP	10	0.94374	0.9633	0.999965	906	1	-0.054504	0.71179	0.87516	0.999995	831	3	-0.054504
BBS9	10	0.94537	0.96384	0.999965	907	1	0.092982	0.35445	0.63416	0.999995	596	4	0.092982
ABL2	10	0.94624	0.96413	0.999965	908	1	0.22433	0.10809	0.30828	0.928561	332	6	0.22433
BMX	10	0.94871	0.96495	0.999965	909	1	0.43132	0.00059215	0.0041733	0.257135	16	8	0.43132
ADARB2	10	0.95373	0.96662	0.999965	910	1	0.43682	0.0076729	0.039738	0.57808	65	6	0.43682
C1orf116	10	0.96092	0.96957	0.999965	911	1	0.38256	0.0068321	0.036173	0.57808	62	6	0.38256
C9orf69	10	0.96313	0.97061	0.999965	912	1	0.4727	0.00019834	0.0014406	0.211071	6	9	0.4727
C12orf50	10	0.96339	0.97072	0.999965	913	1	0.16971	0.17848	0.42333	0.982282	426	5	0.16971
C12orf75	10	0.96429	0.9712	0.999965	914	1	0.060514	0.52855	0.77758	0.999995	730	3	0.060514
BHLHB9	10	0.96484	0.97147	0.999965	915	1	0.32106	0.070497	0.226	0.88567	251	6	0.32106
ANAPC16	10	0.96513	0.97165	0.999965	916	1	0.49795	0.00042136	0.002995	0.239528	12	8	0.49795
AMIGO2	10	0.96557	0.97185	0.999965	917	1	0.19332	0.16062	0.39765	0.975794	404	5	0.19332
CBX8	10	0.96576	0.97194	0.999965	918	1	0.19382	0.12117	0.33557	0.944193	354	6	0.19382
C9orf9	10	0.96648	0.97227	0.999965	919	1	0.20066	0.0044949	0.024342	0.507735	47	5	0.20066
C13orf45	10	0.9684	0.97339	0.999965	920	1	0.10908	0.15817	0.39369	0.975794	401	4	0.10908
C19orf81	10	0.96889	0.97368	0.999965	921	1	0.14017	0.093508	0.27742	0.917605	301	5	0.14017
C5orf24	10	0.96915	0.97385	0.999965	922	1	0.031558	0.94122	0.97206	0.999995	941	1	0.031558
BCAT1	10	0.96985	0.9742	0.999965	923	1	0.25816	0.072613	0.23096	0.88567	259	6	0.25816
C14orf105	10	0.97015	0.97439	0.999965	924	1	0.47651	0.023153	0.097193	0.686974	139	6	0.47651
C10orf118	10	0.97036	0.97451	0.999965	925	1	0.14507	0.15849	0.3942	0.975794	402	5	0.14507
ARID4A	10	0.97086	0.97477	0.999965	926	1	0.20532	0.031056	0.12424	0.74456	166	7	0.20532
ADCK2	10	0.97148	0.97508	0.999965	927	1	0.060416	0.27758	0.55833	0.999995	531	4	0.060416
C8orf74	10	0.97299	0.97576	0.999965	928	1	0.31766	0.073046	0.23201	0.88567	260	5	0.31766
C22orf15	10	0.97326	0.97586	0.999965	929	1	0.21598	0.08805	0.26576	0.913341	286	6	0.21598
C1orf64	10	0.9733	0.97589	0.999965	930	1	0.45169	0.0020871	0.012371	0.402268	30	6	0.45169
CCBL1	10	0.97424	0.97659	0.999965	931	1	0.12847	0.22479	0.48808	0.99512	486	5	0.12847
BDH1	10	0.97608	0.97799	0.999965	932	1	0.5183	0.014708	0.066748	0.660867	101	6	0.5183
APOBEC3C	10	0.9771	0.97865	0.999965	933	1	0.00064886	0.30649	0.59155	0.999995	565	4	0.00064886
AKT1	10	0.97893	0.97999	0.999965	934	1	0.28074	0.035203	0.13741	0.754702	178	6	0.28074
C14orf79	10	0.98023	0.98105	0.999965	935	1	0.0082967	0.52013	0.77049	0.999995	718	3	0.0082967
C14orf132	10	0.98106	0.98177	0.999965	936	1	0.1458	0.11204	0.31638	0.933278	339	4	0.1458
C8orf44	10	0.9814	0.98203	0.999965	937	1	0.028186	0.27557	0.55569	0.999995	529	4	0.028186
C16orf95	10	0.98154	0.98215	0.999965	938	1	0.12265	0.21998	0.48145	0.994732	484	5	0.12265
ADCK3	10	0.98222	0.98266	0.999965	939	1	0.40855	0.011397	0.054114	0.632109	85	7	0.40855
BEX1	10	0.98258	0.98296	0.999965	940	1	0.26976	0.027174	0.11084	0.705966	157	7	0.26976
C11orf80	10	0.98295	0.98323	0.999965	941	1	0.09157	0.31609	0.60027	0.999995	569	4	0.09157
CASP14	10	0.9834	0.98367	0.999965	942	1	0.14185	0.01343	0.061936	0.658465	93	4	0.14185
AKT3	10	0.98431	0.98461	0.999965	943	0	0.25613	0.049084	0.17416	0.825419	211	6	0.25613
CCDC102A	10	0.98447	0.98472	0.999965	944	0	0.19139	0.29647	0.58192	0.999995	556	5	0.19139
C16orf74	10	0.98487	0.98508	0.999965	945	0	0.048534	0.56144	0.7989	0.999995	751	2	0.048534
C20orf195	10	0.98507	0.98534	0.999965	946	0	-0.090224	0.36362	0.64189	0.999995	604	3	-0.090224
ATM	10	0.9853	0.98557	0.999965	947	0	0.43063	0.0026805	0.015292	0.43651	35	6	0.43063
ANXA1	10	0.9863	0.98641	0.999965	948	0	0.24045	0.20247	0.4573	0.982282	464	5	0.24045
C9orf64	10	0.98657	0.98668	0.999965	949	0	0.095141	0.070241	0.22535	0.88567	250	3	0.095141
C10orf90	10	0.98663	0.98673	0.999965	950	0	0.23059	0.18446	0.43203	0.982282	438	5	0.23059
ADNP	10	0.98682	0.98689	0.999965	951	0	0.4239	0.0030376	0.016995	0.43651	38	7	0.4239
CASP6	10	0.98706	0.98709	0.999965	952	0	0.054717	0.29596	0.58123	0.999995	555	3	0.054717
BNC2	10	0.98712	0.98719	0.999965	953	0	0.65331	0.00032049	0.0022921	0.211071	10	7	0.65331
C4orf6	10	0.98726	0.98733	0.999965	954	0	0.23349	0.2125	0.4713	0.988054	477	5	0.23349
ADNP2	10	0.98728	0.98737	0.999965	955	0	0.18155	0.009468	0.046817	0.58521	80	5	0.18155
ADCK1	10	0.9873	0.98741	0.999965	956	0	0.37954	0.0019132	0.01146	0.402268	27	6	0.37954
ATF7IP	10	0.98732	0.98743	0.999965	957	0	0.24273	0.049954	0.17628	0.826088	213	5	0.24273
C6orf118	10	0.98734	0.98744	0.999965	958	0	0.24048	0.035382	0.13808	0.754702	179	6	0.24048
AGTPBP1	10	0.98774	0.98787	0.999965	959	0	0.084839	0.023993	0.1002	0.686974	145	5	0.084839
ACVR1	10	0.98806	0.98826	0.999965	960	0	0.2937	0.034896	0.13652	0.754702	175	6	0.2937
ANKRD1	10	0.98915	0.98932	0.999965	961	0	0.44336	0.0041547	0.022708	0.507735	44	8	0.44336
BACH1	10	0.98954	0.98968	0.999965	962	0	0.065756	0.061581	0.20494	0.870091	235	3	0.065756
CAMKK2	10	0.98968	0.98981	0.999965	963	0	0.17026	0.057785	0.19581	0.85605	228	6	0.17026
ARHGAP19	10	0.98991	0.99001	0.999965	964	0	0.30631	0.06419	0.21079	0.87828	240	5	0.30631
APBB2	10	0.99064	0.99064	0.999965	965	0	0.30293	0.033251	0.13166	0.754702	174	7	0.30293
C10orf113	10	0.99083	0.99082	0.999965	966	0	0.481	0.013555	0.062431	0.658465	94	7	0.481
ANKRD30A	10	0.99093	0.99094	0.999965	967	0	0.086882	0.52767	0.77687	0.999995	727	4	0.086882
C5orf28	10	0.99096	0.99098	0.999965	968	0	0.10502	0.28805	0.57138	0.999995	545	5	0.10502
C11orf70	10	0.99211	0.99212	0.999965	969	0	0.22853	0.11173	0.31579	0.933278	337	6	0.22853
ATE1	9	0.99255	0.99285	0.999965	970	0	0.14332	0.087455	0.25439	0.913341	285	4	0.14332
C18orf54	10	0.99256	0.99254	0.999965	971	0	0.11547	0.16326	0.40132	0.975794	410	3	0.11547
C19orf18	10	0.99284	0.99283	0.999965	972	0	0.14132	0.4535	0.71671	0.999995	673	4	0.14132
APP	10	0.99288	0.9929	0.999965	973	0	0.36856	0.020649	0.08846	0.686974	126	6	0.36856
AGAP3	10	0.9933	0.99338	0.999965	974	0	0.42774	0.001497	0.0092822	0.402268	22	8	0.42774
ATXN1L	10	0.99347	0.99352	0.999965	975	0	0.23327	0.036104	0.14016	0.754702	185	7	0.23327
AKAP6	10	0.99364	0.99371	0.999965	976	0	0.2343	0.072355	0.2304	0.88567	257	6	0.2343
BRSK2	10	0.99385	0.99387	0.999965	977	0	0.40773	0.0002729	0.0019356	0.211071	8	8	0.40773
C10orf67	10	0.99416	0.99401	0.999965	978	0	0.30403	0.031483	0.12561	0.746598	168	6	0.30403
BRE	10	0.99562	0.99546	0.999965	979	0	0.40097	0.00029497	0.0021139	0.211071	9	9	0.40097
CASP2	10	0.99589	0.99572	0.999965	980	0	0.25577	0.0020982	0.01247	0.402268	31	7	0.25577
CAMKV	10	0.99615	0.99605	0.999965	981	0	0.32365	0.00024012	0.0017079	0.211071	7	7	0.32365
AES	10	0.9963	0.99619	0.999965	982	0	0.28395	0.02847	0.11526	0.715915	161	7	0.28395
ANKRD34B	10	0.99654	0.99644	0.999965	983	0	0.345	0.016235	0.07251	0.686974	105	7	0.345
BUB1	10	0.99675	0.99657	0.999965	984	0	0.34353	0.021117	0.089985	0.686974	129	6	0.34353
CASK	10	0.99702	0.99685	0.999965	985	0	0.36678	0.0083428	0.04251	0.57808	67	7	0.36678
C3orf55	10	0.99706	0.99688	0.999965	986	0	0.28798	0.036531	0.14163	0.754702	187	6	0.28798
BRDT	10	0.99713	0.99697	0.999965	987	0	0.257	0.027584	0.11222	0.705972	158	6	0.257
BMPR1A	10	0.99782	0.99764	0.999965	988	0	0.38912	0.018168	0.079787	0.686974	114	7	0.38912
AMER1	10	0.9985	0.99841	0.999965	989	0	0.2839	0.025283	0.10454	0.692315	151	7	0.2839
C1orf174	10	0.99851	0.99842	0.999965	990	0	0.34417	0.058517	0.19775	0.85605	231	6	0.34417
CAMK1D	10	0.99916	0.99903	0.999965	991	0	0.22347	0.02584	0.10627	0.69916	152	7	0.22347
ARAF	10	0.99955	0.99961	0.999965	992	0	0.37009	0.0011961	0.0076683	0.402268	19	8	0.37009
ARL8B	10	0.99956	0.99961	0.999965	993	0	0.20236	0.38721	0.66259	0.999995	624	4	0.20236
C9orf57	10	0.99968	0.99972	0.999965	994	0	0.4248	0.0085991	0.043391	0.57808	73	7	0.4248
C5orf52	10	0.99974	0.99981	0.999965	995	0	0.35735	0.002984	0.016688	0.43651	37	8	0.35735
ACVR1C	10	0.99986	0.99985	0.999965	996	0	0.36497	0.0030819	0.017243	0.43651	39	8	0.36497
CASP8	10	0.99995	0.99993	0.999965	997	0	0.46173	5.0185e-05	0.00040099	0.100248	4	10	0.46173
CAMK1G	10	0.99997	0.99994	0.999965	998	0	0.45035	2.7401e-05	0.00027228	0.090759	3	10	0.45035
C7orf34	10	0.99998	0.99995	0.999965	999	0	0.45211	2.4848e-05	0.00025248	0.090759	2	10	0.45211
BIN1	10	0.99998	0.99997	0.999965	1000	0	0.49656	1.5809e-05	0.00015347	0.090759	1	10	0.49656
